index1,index2,mag,dist
B 1,HD 469,6.0,15.44
B 3,HD 496,4.0,16.82
B 4,HD 563,7.0,4.25
B 6,HD 661,6.0,4.97
B 7,HD 720,6.0,8.93
B 8,HD 739,6.0,29.50
B 10,HD 791,7.0,10.58
B 12,HD 902,6.0,28.11
B 13,HD 957,7.0,12.20
B 14,HD 980,6.0,14.98
B 15,HD 1004,6.0,12.19
B 16,HD 1066,6.0,5.73
B 17,HD 1089,6.0,18.66
B 19,HD 1187,6.0,13.27
B 20,HD 1221,6.0,17.02
B 21,HD 1259,6.0,5.22
B 25,HD 1483,6.0,20.20
B 26,HD 1581,5.0,8.60
B 27,HD 1683,6.0,20.99
B 28,HD 1707,7.0,1.94
B 29,HD 1685,6.0,0.68
B 30,HD 1707,7.5,5.49
B 31,HD 1737,6.0,31.07
B 33,HD 1801,6.0,7.17
B 34,HD 1909,6.0,23.01
B 35,HD 2070,6.0,23.12
B 36,HD 2041,8.0,22.63
B 37,HD 2041,8.0,9.31
B 39,HD 2072,9.0,2.67
B 40,HD 2151,3.0,9.63
B 41,HD 2072,8.5,4.28
B 42,HD 2168,8.0,17.41
B 43,HD 2262,5.0,23.69
B 44,HD 2261,2.0,22.81
B 45,HD 2429,6.0,3.67
B 46,HD 2490,6.0,40.14
B 47,HD 2481,8.0,26.07
B 48,HD 2466,7.5,9.84
B 49,HD 2529,6.0,19.38
B 51,HD 2587,7.0,23.81
B 52,HD 2608,6.0,32.13
B 58,HD 2884,5.0,8.08
B 59,HD 2885,5.0,8.89
B 60,HD 2898,9.0,57.80
B 61,HD 3003,5.5,10.47
B 64,HD 3075,7.0,25.20
B 65,HD 3136,6.0,7.63
B 66,HD 3112,6.0,18.83
B 69,HD 3302,6.0,26.18
B 70,HD 3303,6.0,17.30
B 73,HD 3376,6.0,27.12
B 74,HD 3395,7.5,7.56
B 75,HD 3439,8.0,18.15
B 76,HD 3439,8.0,23.76
B 77,HD 3488,6.0,9.90
B 79,HD 3750,6.0,5.15
B 80,HD 3719,6.0,5.54
B 82,HD 3867,6.0,28.62
B 85,HD 3689,6.5,20.37
B 88,HD 3880,7.0,6.64
B 90,HD 3880,9.0,9.09
B 91,HD 4090,8.0,50.46
B 92,HD 4150,5.0,11.15
B 95,HD 4262,7.5,18.58
B 96,HD 4293,6.0,21.37
B 97,HD 4304,6.0,21.36
B 98,HD 4252,8.0,40.15
B 99,HD 4343,6.0,11.43
B 101,HD 4333,7.0,14.39
B 102,HD 4319,8.0,7.51
B 104,HD 4511,9.0,44.22
B 105,HD 4590,9.0,8.82
B 106,HD 4737,6.0,18.18
B 108,HD 4815,6.0,12.45
B 110,HD 4893,7.0,47.81
B 111,HD 4921,8.0,9.35
B 112,HD 5028,6.0,4.94
B 117,HD 5271,6.0,35.28
B 120,HD 5370,7.0,17.22
B 121,HD 5474,6.0,12.22
B 122,HD 5457,6.0,15.94
B 123,HD 5499,6.0,40.89
B 125,HD 5737,5.0,21.14
B 126,HD 5636,7.5,29.97
B 127,HD 5771,6.0,6.01
B 128,HD 5756,6.0,2.38
B 129,HD 5688,7.0,19.99
B 130,HD 5994,7.0,20.28
B 132,HD 6080,6.0,25.91
B 133,HD 6178,6.0,13.92
B 134,HD 6107,7.0,12.09
B 136,HD 6192,6.0,12.28
B 137,HD 6245,6.0,27.85
B 138,HD 6269,6.0,22.66
B 139,HD 6172,6.5,16.13
B 140,HD 6222,7.0,8.53
B 141,HD 6311,6.0,20.23
B 143,HD 6406,9.0,9.29
B 144,HD 6619,6.0,13.17
B 145,HD 6595,4.0,23.29
B 146,HD 6536,7.0,10.12
B 148,HD 6623,6.5,7.82
B 149,HD 6735,6.0,20.27
B 150,HD 6655,7.0,14.49
B 151,HD 6655,7.0,11.87
B 155,HD 6793,6.0,8.91
B 156,HD 6882,5.0,27.64
B 157,HD 6870,7.0,8.53
B 158,HD 6996,6.0,29.01
B 159,HD 7008,7.5,13.83
B 161,HD 6997,7.5,4.20
B 163,HD 7097,6.0,18.55
B 164,HD 7031,7.5,2.02
B 165,HD 7053,8.0,52.99
B 166,HD 7259,6.0,17.93
B 169,HD 7187,6.0,7.09
B 170,HD 7305,8.0,10.70
B 171,HD 7305,8.0,23.51
B 172,HD 7570,6.0,27.26
B 173,HD 7518,7.0,3.66
B 176,HD 7693,7.0,10.06
B 178,HD 7788,6.0,10.31
B 179,HD 7858,6.0,15.82
B 180,HD 7916,6.0,24.04
B 181,HD 8001,6.0,23.77
B 182,HD 8025,6.0,32.77
B 183,HD 8107,7.0,17.29
B 184,HD 8149,8.0,42.39
B 185,HD 8190,8.0,4.52
B 189,HD 8271,8.0,30.54
B 190,HD 8410,6.0,27.77
B 191,HD 8287,8.5,42.14
B 193,HD 8436,6.0,5.22
B 194,HD 8353,6.5,3.06
B 197,HD 8558,8.0,1.93
B 198,HD 8478,8.0,24.23
B 200,HD 8479,7.0,1.82
B 201,HD 8681,6.0,21.29
B 202,HD 8720,8.0,9.37
B 203,HD 8214,6.0,20.63
B 204,HD 8781,0.0,14.77
B 205,HD 8810,6.0,15.93
B 206,HD 8782,0.0,35.49
B 207,HD 8783,0.0,33.73
B 208,HD 8953,7.0,37.90
B 209,HD 9053,3.0,24.03
B 211,HD 9068,0.0,19.39
B 213,HD 9163,7.0,4.14
B 214,HD 9349,6.0,15.41
B 215,HD 9377,6.0,8.65
B 216,HD 9362,4.0,22.81
B 217,HD 9378,6.0,25.45
B 218,HD 9266,8.0,12.64
B 219,HD 9414,6.0,13.12
B 221,HD 9544,6.0,28.79
B 223,HD 9489,7.5,12.85
B 224,HD 9742,6.0,29.98
B 225,HD 9733,6.0,17.03
B 226,HD 9771,6.0,10.47
B 227,HD 9906,6.0,69.02
B 228,HD 9798,6.5,10.28
B 230,HD 9850,7.0,5.13
B 231,HD 9962,7.0,17.35
B 235,HD 10052,6.0,20.27
B 236,HD 10121,6.0,34.90
B 238,HD 10167,6.0,29.81
B 239,HD 10144,1.0,18.35
B 240,HD 10241,6.0,14.96
B 241,HD 10269,7.0,28.60
B 243,HD 10360,6.0,23.78
B 244,HD 10291,6.0,16.34
B 247,HD 10538,6.0,23.75
B 249,HD 10647,6.0,19.80
B 251,HD 10813,7.0,17.45
B 252,HD 10840,6.5,8.23
B 253,HD 10934,6.0,30.20
B 254,HD 10939,6.0,19.73
B 255,HD 11022,6.0,26.63
B 256,HD 11112,7.0,12.88
B 257,HD 11050,6.0,20.77
B 258,HD 11042,7.0,47.34
B 259,HD 10859,6.0,12.58
B 260,HD 11262,6.0,31.70
B 262,HD 10800,6.0,9.92
B 263,HD 11332,6.0,26.26
B 264,HD 11343,7.0,16.10
B 265,HD 11421,6.0,14.51
B 266,HD 11413,6.0,19.17
B 267,HD 10870,7.0,13.18
B 268,HD 11439,7.0,11.60
B 269,HD 11512,7.0,21.78
B 270,HD 11643,6.0,31.70
B 271,HD 11462,7.0,1.90
B 272,HD 11695,5.0,8.59
B 273,HD 11714,8.0,13.66
B 274,HD 11753,6.0,24.62
B 276,HD 11733,6.0,18.89
B 278,HD 11937,4.0,19.36
B 279,HD 11604,6.0,18.78
B 280,HD 11359,7.0,26.02
B 282,HD 12042,6.0,24.85
B 283,HD 11977,5.0,13.44
B 285,HD 12268,6.0,12.27
B 286,HD 12296,6.0,22.81
B 287,HD 12311,3.0,17.59
B 289,HD 12121,6.0,8.06
B 291,HD 12524,6.0,18.56
B 292,HD 12477,6.0,24.09
B 293,HD 12363,6.0,15.58
B 294,HD 12767,6.0,32.22
B 295,HD 12929,3.0,17.57
B 296,HD 12778,7.0,22.75
B 298,HD 12915,7.0,18.74
B 299,HD 12905,7.0,13.34
B 300,HD 12853,6.0,17.66
B 301,HD 13109,6.0,11.40
B 302,HD 13109,7.0,13.69
B 303,HD 13218,6.0,22.62
B 305,HD 13110,8.0,11.56
B 306,HD 13242,7.0,13.88
B 307,HD 13336,6.0,11.87
B 309,HD 13263,6.0,15.44
B 310,HD 13423,6.0,23.77
B 311,HD 13445,6.0,25.20
B 312,HD 13424,6.0,7.62
B 313,HD 13588,7.0,33.96
B 316,HD 13724,7.0,27.22
B 317,HD 13743,8.0,23.64
B 318,HD 13940,6.0,29.62
B 319,HD 13906,7.0,5.54
B 320,HD 14057,6.5,29.68
B 321,HD 13926,6.5,12.64
B 324,HD 14151,7.0,35.27
B 325,HD 14247,6.0,31.48
B 327,HD 14228,4.0,18.42
B 329,HD 14009,7.0,7.44
B 330,HD 14141,6.0,9.16
B 332,HD 14287,6.0,25.28
B 333,HD 14498,7.0,24.02
B 334,HD 14509,6.0,19.77
B 336,HD 14616,8.0,33.80
B 337,HD 14641,6.0,32.38
B 338,HD 14401,6.0,12.25
B 339,HD 14682,8.0,5.24
B 340,HD 14703,6.0,7.25
B 341,HD 14832,6.0,16.93
B 342,HD 14846,7.0,12.63
B 343,HD 14880,6.0,10.36
B 344,HD 14882,6.0,23.34
B 345,HD 14890,6.0,30.64
B 346,HD 14943,5.0,17.29
B 347,HD 15007,8.0,26.38
B 348,HD 15035,8.0,6.97
B 349,HD 15051,7.0,38.30
B 350,HD 15122,7.0,17.94
B 351,HD 15008,4.0,16.42
B 352,HD 15233,6.0,12.29
B 353,HD 15371,5.0,20.06
B 354,HD 15427,6.0,23.03
B 355,HD 15447,7.0,24.35
B 356,HD 15471,6.0,26.51
B 357,HD 15379,6.0,16.68
B 358,HD 15248,6.0,12.28
B 359,HD 15544,7.0,13.94
B 362,HD 15508,7.0,11.35
B 363,HD 15646,6.0,20.79
B 364,HD 15889,6.0,20.76
B 365,HD 15701,6.5,9.72
B 368,HD 16046,6.0,33.76
B 370,HD 16170,6.0,29.32
B 371,HD 16225,8.0,32.87
B 373,HD 16226,6.0,15.48
B 374,HD 16417,6.0,21.78
B 375,HD 16475,8.0,24.86
B 376,HD 16538,6.0,23.42
B 377,HD 16589,6.0,25.22
B 378,HD 16555,6.0,33.18
B 379,HD 16635,7.0,31.70
B 380,HD 16634,7.0,35.67
B 382,HD 16785,7.0,34.15
B 383,HD 16754,5.0,28.60
B 384,HD 16815,4.0,21.95
B 386,HD 16777,6.0,5.61
B 387,HD 16975,6.0,26.56
B 388,HD 16920,6.0,21.80
B 389,HD 17025,7.0,23.99
B 391,HD 16891,6.0,12.91
B 393,HD 17014,7.0,16.92
B 396,HD 16939,6.0,3.95
B 398,HD 16978,5.0,14.68
B 400,HD 16940,6.0,5.72
B 401,HD 17072,6.0,12.81
B 402,HD 17321,7.5,34.35
B 403,HD 17254,6.0,22.91
B 404,HD 17322,7.5,29.38
B 405,HD 17325,6.0,34.41
B 407,HD 17289,6.0,14.56
B 408,HD 17326,6.0,16.21
B 409,HD 17528,6.0,19.14
B 410,HD 17373,8.0,34.69
B 411,HD 17374,6.0,15.38
B 412,HD 17400,8.0,14.24
B 414,HD 17504,6.0,24.76
B 415,HD 17652,5.0,24.69
B 416,HD 17693,7.5,33.94
B 420,HD 17566,5.0,13.22
B 422,HD 17590,8.0,12.51
B 423,HD 17829,6.0,16.00
B 424,HD 17864,6.0,26.93
B 425,HD 17722,8.0,16.01
B 426,HD 17653,6.0,4.07
B 427,HD 17926,6.0,33.51
B 428,HD 18055,6.0,28.99
B 429,HD 18004,6.0,39.02
B 430,HD 18149,6.0,24.35
B 431,HD 18252,7.0,27.89
B 432,HD 18120,6.0,23.27
B 433,HD 18121,5.0,12.29
B 434,HD 18185,6.0,13.98
B 435,HD 18050,6.0,14.60
B 436,HD 18377,6.5,20.81
B 437,HD 18445,6.5,23.25
B 438,HD 18446,6.0,24.03
B 439,HD 18292,6.0,7.58
B 440,HD 18456,7.0,30.03
B 441,HD 18487,6.5,19.52
B 445,HD 18588,8.0,32.07
B 446,HD 18622,3.0,20.00
B 448,HD 18636,7.0,27.48
B 449,HD 18525,7.0,31.01
B 452,HD 18637,6.0,3.89
B 453,HD 18884,2.0,33.02
B 455,HD 18810,7.0,31.36
B 456,HD 18864,7.0,31.80
B 458,HD 18829,6.5,8.97
B 461,HD 18756,7.0,10.95
B 462,HD 18866,5.0,30.56
B 463,HD 19029,7.0,17.43
B 464,HD 18958,7.0,1.68
B 465,HD 18959,6.0,9.98
B 466,HD 19141,6.0,26.28
B 467,HD 19254,7.0,5.33
B 468,HD 19214,7.5,16.11
B 469,HD 19215,6.0,17.66
B 470,HD 19330,6.0,21.82
B 471,HD 19029,6.0,9.21
B 472,HD 19241,6.0,6.63
B 473,HD 19330,6.0,14.98
B 475,HD 19436,6.5,32.51
B 476,HD 19319,6.0,15.82
B 477,HD 19338,6.0,6.95
B 478,HD 19387,7.0,9.84
B 479,HD 19545,6.0,29.56
B 480,HD 19603,8.0,23.37
B 481,HD 19659,6.0,20.27
B 482,HD 19400,5.0,12.28
B 483,HD 19614,7.0,6.78
B 484,HD 19669,7.5,25.71
B 485,HD 19729,8.0,26.00
B 488,HD 19817,7.0,16.80
B 490,HD 19904,7.0,28.55
B 491,HD 19801,6.0,2.05
B 493,HD 20010,3.0,20.07
B 494,HD 19948,6.0,22.37
B 495,HD 19948,6.0,21.81
B 496,HD 19938,7.0,18.32
B 497,HD 20029,7.0,27.86
B 498,HD 20080,7.0,28.41
B 499,HD 19939,7.0,15.37
B 500,HD 20144,6.0,18.41
B 501,HD 20121,6.0,41.87
B 505,HD 20130,7.0,16.85
B 506,HD 20052,7.0,16.35
B 507,HD 20200,6.5,24.05
B 508,HD 20232,6.0,40.36
B 509,HD 20293,6.0,16.58
B 511,HD 20234,6.0,5.93
B 512,HD 20377,9.0,25.39
B 513,HD 20388,7.0,14.16
B 514,HD 20389,7.0,24.05
B 516,HD 20407,6.0,15.43
B 517,HD 20433,8.0,34.05
B 519,HD 20542,7.0,5.76
B 520,HD 20610,6.0,28.29
B 521,HD 20485,6.0,14.62
B 522,HD 20720,6.0,40.68
B 523,HD 20640,6.0,17.13
B 524,HD 20695,8.0,38.35
B 525,HD 20651,8.0,8.44
B 527,HD 20696,8.0,25.36
B 528,HD 20749,7.0,35.50
B 529,HD 20586,6.0,15.53
B 533,HD 20805,7.5,43.64
B 536,HD 20766,6.0,11.42
B 537,HD 20807,6.0,10.25
B 541,HD 21080,8.0,28.28
B 542,HD 21113,8.0,23.45
B 543,HD 21149,6.0,26.58
B 544,HD 21246,7.0,21.73
B 545,HD 21298,6.5,30.44
B 546,HD 21340,7.0,19.28
B 547,HD 21385,7.5,31.99
B 548,HD 21430,6.0,21.84
B 551,HD 21360,6.0,12.81
B 552,HD 21473,6.0,28.89
B 553,HD 21503,8.0,9.72
B 555,HD 21574,6.0,16.55
B 557,HD 21626,6.0,31.52
B 558,HD 21704,7.0,34.93
B 561,HD 21899,6.0,27.16
B 562,HD 21939,7.5,23.26
B 563,HD 21988,6.5,32.15
B 565,HD 21981,6.0,21.18
B 566,HD 22001,6.0,22.44
B 567,HD 22231,6.0,12.98
B 568,HD 22286,8.5,48.31
B 569,HD 22322,6.0,31.52
B 570,HD 22166,7.0,11.02
B 572,HD 22252,6.0,16.08
B 573,HD 22541,6.0,18.65
B 574,HD 22594,6.0,35.98
B 575,HD 22593,6.0,20.99
B 576,HD 22621,6.0,8.61
B 577,HD 22646,7.0,13.34
B 578,HD 22663,5.0,24.77
B 581,HD 22861,8.0,17.93
B 584,HD 23069,8.0,51.31
B 586,HD 22989,6.0,18.04
B 587,HD 23136,6.0,31.21
B 589,HD 23227,5.0,26.00
B 591,HD 23319,5.0,27.26
B 592,HD 23308,6.0,25.32
B 596,HD 23668,8.5,32.79
B 597,HD 23754,5.0,36.25
B 598,HD 23738,6.0,22.26
B 599,HD 23716,7.0,6.93
B 605,HD 23660,6.0,0.64
B 610,HD 24072,6.0,24.58
B 613,HD 24232,8.0,34.19
B 616,HD 24330,6.0,19.91
B 620,HD 24626,5.0,31.80
B 621,HD 24661,6.0,16.56
B 623,HD 24394,6.0,14.80
B 624,HD 24706,6.0,20.57
B 627,HD 24805,6.0,21.16
B 629,HD 24512,3.0,6.83
B 630,HD 24966,6.0,12.74
B 633,HD 25245,6.0,16.86
B 634,HD 25301,6.0,17.35
B 636,HD 25268,8.0,16.02
B 637,HD 25388,8.0,17.99
B 638,HD 25317,8.0,19.00
B 639,HD 25346,6.0,6.38
B 640,HD 25503,7.0,16.18
B 641,HD 25449,6.0,15.36
B 642,HD 25422,5.0,19.31
B 643,HD 25632,9.0,9.77
B 644,HD 25567,8.0,29.50
B 645,HD 25590,7.0,14.74
B 646,HD 25591,8.0,4.70
B 648,HD 25714,0.0,26.70
B 652,HD 25843,7.0,15.87
B 653,HD 25705,5.0,9.62
B 654,HD 25728,6.0,9.49
B 655,HD 25966,6.5,21.43
B 656,HD 25874,7.0,21.48
B 657,HD 26144,8.0,34.32
B 658,HD 26059,6.0,12.95
B 659,HD 26262,6.5,16.08
B 660,HD 25938,6.0,17.51
B 661,HD 26246,6.0,14.07
B 662,HD 26352,7.0,19.06
B 663,HD 26413,6.0,24.75
B 665,HD 26539,8.0,10.01
B 667,HD 26586,7.0,13.18
B 668,HD 26612,6.0,17.09
B 669,HD 26491,6.0,15.21
B 671,HD 26820,6.0,22.91
B 672,HD 26927,7.0,22.06
B 673,HD 26934,6.0,18.90
B 674,HD 26967,5.0,1.76
B 675,HD 27019,6.0,11.38
B 676,HD 26892,7.0,1.40
B 677,HD 27100,6.0,17.47
B 678,HD 27241,6.0,13.72
B 680,HD 27342,8.0,11.83
B 681,HD 27376,4.0,25.23
B 682,HD 27290,4.0,20.98
B 683,HD 27256,3.0,7.88
B 685,HD 27442,5.0,9.66
B 687,HD 27588,6.0,23.62
B 688,HD 27553,8.0,9.09
B 689,HD 27631,7.5,0.98
B 692,HD 27553,7.0,26.04
B 693,HD 27656,8.0,13.48
B 694,HD 27415,7.0,16.66
B 695,HD 27657,5.0,18.58
B 696,HD 27621,6.0,15.25
B 697,HD 27941,6.0,23.41
B 698,HD 27608,9.0,6.60
B 700,HD 28107,7.0,16.28
B 702,HD 27775,7.0,30.54
B 703,HD 28164,8.0,7.14
B 704,HD 28154,6.0,24.81
B 705,HD 28187,7.5,31.55
B 706,HD 28246,6.0,21.42
B 707,HD 28093,5.0,31.39
B 708,HD 27987,7.0,35.53
B 709,HD 28327,8.0,9.53
B 711,HD 28032,6.5,8.76
B 712,HD 28358,6.0,26.42
B 714,HD 28454,6.0,19.41
B 715,HD 28201,7.0,27.40
B 716,HD 28550,8.0,30.19
B 717,HD 28552,6.0,23.62
B 718,HD 28413,6.0,14.95
B 719,HD 28657,8.0,11.89
B 720,HD 28720,6.0,3.66
B 721,HD 28508,7.0,27.93
B 723,HD 28776,6.0,29.23
B 724,HD 28810,7.0,34.61
B 725,HD 28524,7.5,12.44
B 726,HD 28837,6.0,22.66
B 727,HD 28873,5.0,24.23
B 728,HD 28602,7.0,6.93
B 729,HD 28602,8.0,7.47
B 730,HD 29139,1.0,16.68
B 731,HD 29054,8.0,10.78
B 732,HD 29085,5.0,9.71
B 733,HD 28701,7.5,14.25
B 734,HD 29087,7.0,19.53
B 736,HD 28887,7.0,9.33
B 737,HD 28898,9.0,3.98
B 738,HD 29032,7.0,9.06
B 739,HD 29115,6.0,17.18
B 740,HD 29291,4.0,22.51
B 741,HD 29079,7.0,17.54
B 743,HD 28525,6.0,11.01
B 744,HD 29305,3.0,16.65
B 745,HD 29427,7.0,15.40
B 746,HD 29483,8.0,36.26
B 747,HD 29254,8.0,30.93
B 748,HD 29327,8.0,52.08
B 749,HD 29559,6.0,30.06
B 750,HD 29339,8.0,15.25
B 751,HD 29255,8.0,3.45
B 753,HD 29676,8.0,46.38
B 754,HD 29360,9.0,6.26
B 755,HD 29824,6.5,17.82
B 756,HD 29805,6.0,29.46
B 757,HD 29875,5.0,27.36
B 758,HD 29706,8.0,19.28
B 759,HD 29672,9.0,87.04
B 760,HD 29973,9.0,33.84
B 761,HD 29930,7.0,34.55
B 762,HD 29992,5.0,26.27
B 763,HD 30080,6.0,25.78
B 765,HD 29920,6.0,9.23
B 766,HD 30065,7.0,7.66
B 769,HD 30182,6.0,33.25
B 770,HD 30202,6.0,27.09
B 771,HD 30251,8.0,6.17
B 772,HD 30185,6.0,17.97
B 773,HD 30073,8.0,6.34
B 774,HD 30292,7.0,26.67
B 775,HD 30397,6.0,35.52
B 777,HD 30317,6.0,15.82
B 778,HD 30083,9.0,58.17
B 779,HD 30432,6.0,16.36
B 780,HD 30500,8.0,37.97
B 781,HD 30318,8.0,23.75
B 782,HD 30566,7.0,12.44
B 784,HD 30478,6.0,24.97
B 785,HD 30684,8.0,31.69
B 786,HD 30363,7.0,7.20
B 787,HD 30306,7.5,21.61
B 788,HD 30449,7.5,10.66
B 789,HD 30787,8.0,24.68
B 790,HD 30491,8.0,15.14
B 791,HD 30788,6.0,18.86
B 792,HD 30552,8.0,6.83
B 793,HD 30876,8.0,41.01
B 795,HD 29598,6.0,20.17
B 797,HD 30790,6.0,16.69
B 798,HD 30997,7.0,13.20
B 799,HD 30985,6.0,25.54
B 800,HD 30568,7.5,8.78
B 801,HD 30612,6.0,12.79
B 802,HD 31093,6.0,26.92
B 804,HD 30880,7.0,5.79
B 805,HD 30759,7.0,20.55
B 807,HD 30766,9.0,25.19
B 808,HD 31010,7.0,6.16
B 810,HD 31203,6.0,18.51
B 811,HD 31203,7.0,8.44
B 812,HD 31274,7.0,19.96
B 813,HD 30955,8.0,18.76
B 814,HD 30969,6.5,14.22
B 816,HD 31392,7.0,12.70
B 817,HD 31517,6.0,36.69
B 818,HD 31263,8.0,18.35
B 820,HD 31165,8.0,30.75
B 821,HD 31165,8.0,17.29
B 822,HD 31080,8.0,14.70
B 824,HD 31395,8.0,10.95
B 825,HD 31529,6.0,23.49
B 826,HD 31688,7.5,19.18
B 827,HD 31335,7.5,12.04
B 828,HD 31081,5.0,4.22
B 830,HD 31721,7.0,16.83
B 831,HD 31645,7.0,72.11
B 832,HD 31518,7.0,15.74
B 833,HD 31746,6.0,16.36
B 835,HD 31795,8.0,52.99
B 836,HD 31929,8.0,17.87
B 837,HD 31754,6.0,17.76
B 838,HD 31704,9.0,86.54
B 839,HD 31722,7.5,13.38
B 840,HD 32224,7.5,21.02
B 841,HD 31930,7.0,52.92
B 842,HD 32065,6.5,43.04
B 844,HD 32108,8.0,46.00
B 845,HD 32209,6.5,28.92
B 847,HD 32227,6.5,14.52
B 848,HD 32515,6.0,31.03
B 849,HD 32453,6.0,13.36
B 850,HD 32491,7.5,14.55
B 851,HD 31975,6.0,18.39
B 853,HD 32300,8.0,27.36
B 854,HD 32035,7.0,4.55
B 855,HD 32339,8.0,30.54
B 856,HD 32475,7.0,35.65
B 857,HD 32678,8.0,29.68
B 858,HD 32831,5.0,31.16
B 860,HD 32846,6.0,24.18
B 862,HD 32820,6.0,25.75
B 863,HD 32760,7.0,25.91
B 864,HD 32375,8.0,7.39
B 865,HD 32806,6.5,26.33
B 866,HD 32712,7.0,31.89
B 867,HD 32415,7.0,6.76
B 868,HD 32714,7.0,7.92
B 869,HD 32971,8.0,5.26
B 870,HD 33042,6.0,25.83
B 871,HD 32762,7.0,17.41
B 872,HD 32440,6.0,71.85
B 873,HD 32985,7.0,25.57
B 874,HD 33116,6.0,18.43
B 875,HD 32858,7.0,16.76
B 876,HD 33377,6.0,26.22
B 877,HD 33076,8.0,31.02
B 878,HD 33262,5.0,24.50
B 880,HD 33031,7.0,9.65
B 881,HD 33473,6.0,32.15
B 883,HD 34029,1.0,6.19
B 884,HD 33293,7.0,8.33
B 885,HD 33514,6.0,14.30
B 886,HD 269006,8.0,61.01
B 887,HD 33649,6.0,17.72
B 888,HD 33650,7.0,18.05
B 889,HD 33285,6.0,20.34
B 891,HD 33599,6.0,11.20
B 892,HD 33616,7.0,4.62
B 893,HD 34085,1.0,22.66
B 894,HD 33684,6.0,8.79
B 895,HD 33617,8.0,23.58
B 896,HD 34060,7.0,21.90
B 897,HD 33729,8.0,18.38
B 898,HD 33745,8.0,43.95
B 899,HD 34266,6.0,29.61
B 900,HD 34310,6.0,48.86
B 901,HD 33985,8.0,11.16
B 902,HD 34245,7.0,27.23
B 903,HD 34074,8.0,2.14
B 904,HD 34435,6.0,2.28
B 905,HD 33519,6.0,3.95
B 906,HD 34347,6.0,24.33
B 907,HD 34496,6.0,27.19
B 908,HD 34327,6.5,15.34
B 912,HD 34170,7.0,13.57
B 913,HD 34349,7.0,78.10
B 914,HD 34642,6.0,4.67
B 915,HD 34570,8.0,25.69
B 916,HD 34587,6.0,26.27
B 917,HD 34694,8.0,32.19
B 918,HD 34693,8.0,24.53
B 919,HD 34868,6.0,24.92
B 920,HD 34437,7.0,16.84
B 921,HD 34543,7.0,11.31
B 922,HD 34649,6.0,15.53
B 923,HD 34933,8.0,18.87
B 924,HD 35046,6.0,26.40
B 925,HD 34914,6.0,24.39
B 926,HD 34651,7.0,5.73
B 927,HD 34711,8.0,25.30
B 928,HD 35114,7.0,22.41
B 930,HD 35072,6.0,21.20
B 931,HD 35116,6.0,20.59
B 932,HD 35497,2.0,21.34
B 933,HD 35158,6.0,19.27
B 934,HD 35139,7.0,37.66
B 935,HD 35386,7.0,16.52
B 936,HD 34943,8.0,2.09
B 937,HD 35288,6.0,14.58
B 938,HD 35275,8.0,15.70
B 939,HD 35026,8.0,10.66
B 940,HD 35085,8.0,15.66
B 941,HD 35094,8.0,58.97
B 942,HD 35356,6.0,18.53
B 944,HD 35443,8.0,14.25
B 945,HD 35567,7.0,26.53
B 946,HD 35433,7.0,9.93
B 947,HD 35183,8.0,23.05
B 948,HD 35473,6.0,32.94
B 949,HD 35402,6.0,23.36
B 950,HD 35230,7.0,16.00
B 951,HD 35230,7.0,8.66
B 952,HD 35293,8.0,28.60
B 953,HD 35294,8.0,17.56
B 954,HD 35604,7.0,26.13
B 956,HD 35580,6.0,19.77
B 957,HD 35184,7.0,5.14
B 958,HD 35765,6.0,20.12
B 959,HD 35994,6.0,34.28
B 960,HD 35703,7.0,6.37
B 962,HD 35860,6.0,12.45
B 963,HD 36094,6.0,32.57
B 964,HD 35934,7.0,9.05
B 967,HD 35705,8.0,8.26
B 969,HD 36189,6.0,13.74
B 970,HD 36597,4.0,28.16
B 971,HD 36062,7.0,12.45
B 972,HD 36520,6.0,21.49
B 973,HD 36553,6.0,21.83
B 974,HD 36316,8.0,17.74
B 975,HD 36435,6.5,22.05
B 976,HD 36648,6.0,19.23
B 977,HD 36478,7.5,11.95
B 978,HD 36734,6.0,23.74
B 980,HD 36888,6.0,11.71
B 981,HD 36660,8.0,14.90
B 983,HD 36584,6.0,12.11
B 984,HD 36705,7.0,5.79
B 985,HD 36598,8.0,20.81
B 986,HD 37192,6.0,26.78
B 987,HD 37224,6.0,9.50
B 988,HD 36876,6.0,17.13
B 989,HD 36805,7.5,30.58
B 991,HD 36849,7.0,13.22
B 992,HD 37066,7.0,21.09
B 994,HD 37226,6.0,18.59
B 995,HD 37377,6.0,28.69
B 996,HD 37430,6.0,11.96
B 997,HD 37484,7.0,11.13
B 998,HD 37495,6.0,11.77
B 999,HD 37434,6.0,25.37
B 1000,HD 37496,7.0,17.65
B 1001,HD 37122,7.5,12.20
B 1002,HD 37297,6.0,30.57
B 1004,HD 37181,9.0,27.97
B 1005,HD 37512,8.0,39.29
B 1006,HD 37501,7.0,4.89
B 1007,HD 37717,6.0,25.95
B 1008,HD 37262,8.0,18.74
B 1009,HD 37196,7.0,8.43
B 1010,HD 37795,2.0,19.03
B 1011,HD 37811,6.0,18.64
B 1012,HD 37719,8.0,36.60
B 1013,HD 37852,8.0,12.95
B 1014,HD 37877,6.5,27.36
B 1015,HD 38056,6.0,11.60
B 1016,HD 37668,8.0,14.11
B 1017,HD 38138,6.0,16.47
B 1018,HD 37584,7.0,15.65
B 1019,HD 38170,6.0,24.45
B 1020,HD 37953,8.0,16.18
B 1021,HD 38004,7.0,11.62
B 1023,HD 37935,6.0,4.46
B 1024,HD 38244,7.5,30.09
B 1025,HD 37899,7.0,12.76
B 1027,HD 38751,5.0,34.23
B 1028,HD 38468,8.0,27.55
B 1029,HD 38458,6.0,21.56
B 1030,HD 38256,8.0,17.11
B 1032,HD 37763,6.0,8.27
B 1033,HD 38471,8.0,22.58
B 1035,HD 38666,6.0,21.67
B 1036,HD 38643,6.0,31.74
B 1037,HD 38215,8.0,10.44
B 1039,HD 38175,7.5,16.30
B 1041,HD 38511,6.5,8.77
B 1042,HD 38683,6.5,34.40
B 1043,HD 38871,6.0,25.05
B 1044,HD 39027,6.0,19.60
B 1045,HD 38829,8.0,31.77
B 1046,HD 38873,7.0,43.37
B 1047,HD 38617,7.0,12.83
B 1048,HD 38989,6.0,27.33
B 1049,HD 38601,8.0,56.65
B 1050,HD 38727,8.0,9.83
B 1051,HD 39060,3.0,18.05
B 1054,HD 38974,8.0,25.58
B 1055,HD 39244,7.0,19.77
B 1056,HD 39062,7.0,14.12
B 1057,HD 38728,8.0,9.60
B 1058,HD 39013,7.0,13.06
B 1059,HD 38894,8.0,15.11
B 1060,HD 39014,5.0,8.79
B 1061,HD 39312,6.0,7.88
B 1062,HD 39062,7.0,22.84
B 1063,HD 39425,3.0,15.15
B 1064,HD 39801,1.0,18.44
B 1065,HD 39194,8.0,6.48
B 1066,HD 39370,8.0,9.65
B 1067,HD 39654,6.5,18.82
B 1069,HD 39720,6.0,15.97
B 1070,HD 39194,8.0,2.56
B 1071,HD 39523,5.0,24.11
B 1072,HD 39547,6.0,19.47
B 1074,HD 39640,6.0,21.06
B 1077,HD 39608,8.0,47.72
B 1078,HD 39641,9.0,38.84
B 1079,HD 39337,8.0,24.02
B 1080,HD 39918,7.0,24.89
B 1081,HD 39997,8.5,17.92
B 1082,HD 39755,7.0,26.04
B 1084,HD 39809,9.0,27.74
B 1085,HD 40091,6.0,10.96
B 1086,HD 39919,7.0,22.11
B 1087,HD 39976,8.0,17.34
B 1088,HD 39937,6.0,18.65
B 1089,HD 40176,6.0,5.44
B 1090,HD 40248,6.0,18.26
B 1091,HD 39844,5.0,9.78
B 1092,HD 40359,6.0,19.47
B 1093,HD 40200,6.0,7.58
B 1095,HD 40292,6.0,23.27
B 1098,HD 39810,6.0,6.00
B 1099,HD 40201,6.5,12.44
B 1100,HD 40222,8.0,31.27
B 1101,HD 40507,8.0,27.67
B 1102,HD 40409,6.0,12.86
B 1103,HD 40508,8.0,32.21
B 1104,HD 40455,6.0,5.49
B 1106,HD 41116,5.0,38.25
B 1107,HD 40808,5.0,20.22
B 1108,HD 40735,8.0,15.07
B 1109,HD 40645,7.5,6.05
B 1110,HD 40869,7.0,26.03
B 1111,HD 40868,7.0,33.18
B 1112,HD 40909,6.0,33.24
B 1113,HD 41047,6.0,22.97
B 1116,HD 41543,6.5,31.71
B 1117,HD 41312,6.0,8.80
B 1119,HD 41233,8.0,16.36
B 1120,HD 41473,7.0,8.12
B 1121,HD 41215,8.0,58.52
B 1122,HD 41278,7.5,29.98
B 1124,HD 41296,6.0,15.44
B 1125,HD 41327,8.0,72.46
B 1127,HD 42087,6.0,35.70
B 1129,HD 41451,6.5,11.77
B 1130,HD 41843,6.0,29.84
B 1131,HD 41700,6.0,25.60
B 1132,HD 41742,6.0,45.93
B 1133,HD 41702,7.5,29.62
B 1134,HD 41586,6.5,17.22
B 1135,HD 41538,8.0,26.66
B 1136,HD 41744,9.0,12.87
B 1137,HD 41824,6.0,11.26
B 1138,HD 41779,8.0,20.27
B 1139,HD 42054,6.0,16.74
B 1140,HD 41864,7.0,23.36
B 1141,HD 41586,6.0,11.74
B 1142,HD 41747,8.0,9.69
B 1143,HD 42024,6.0,27.64
B 1145,HD 42167,5.0,26.49
B 1146,HD 41979,9.0,16.50
B 1147,HD 42543,6.0,36.99
B 1148,HD 42025,7.0,23.91
B 1151,HD 42190,6.0,26.94
B 1152,HD 42170,8.0,10.36
B 1153,HD 42303,6.0,23.86
B 1154,HD 41993,8.0,6.11
B 1155,HD 42028,8.0,8.93
B 1156,HD 42304,6.0,9.36
B 1157,HD 42345,9.0,29.56
B 1158,HD 42448,6.0,27.43
B 1159,HD 42029,7.0,13.65
B 1161,HD 42229,8.0,8.98
B 1162,HD 42287,7.5,12.96
B 1166,HD 42995,4.5,31.41
B 1167,HD 42698,6.0,2.30
B 1168,HD 42504,7.0,20.72
B 1169,HD 42538,8.0,20.61
B 1170,HD 42801,7.0,5.99
B 1171,HD 42540,6.0,29.92
B 1172,HD 42540,5.5,13.03
B 1173,HD 42834,6.0,23.09
B 1174,HD 42525,6.0,4.41
B 1175,HD 42836,8.0,14.33
B 1176,HD 43071,7.5,20.78
B 1177,HD 42933,6.0,19.07
B 1178,HD 43138,7.0,29.28
B 1179,HD 42701,7.0,4.84
B 1180,HD 43144,8.0,2.58
B 1181,HD 43258,8.0,46.80
B 1182,HD 43199,7.0,11.40
B 1183,HD 43636,6.0,15.98
B 1184,HD 43534,8.0,12.74
B 1185,HD 43224,7.0,7.36
B 1186,HD 43504,7.0,20.57
B 1188,HD 43597,8.0,38.06
B 1189,HD 43434,8.0,12.62
B 1190,HD 43720,8.0,12.35
B 1191,HD 43785,5.0,24.70
B 1192,HD 43505,8.0,32.91
B 1193,HD 43598,6.0,21.21
B 1194,HD 43847,6.0,34.98
B 1195,HD 43455,6.0,6.53
B 1197,HD 43940,6.0,23.69
B 1198,HD 43974,7.0,29.15
B 1200,HD 43519,6.0,6.60
B 1201,HD 43618,7.0,13.54
B 1202,HD 44478,3.0,34.16
B 1203,HD 44163,8.0,21.82
B 1204,HD 43957,8.0,4.80
B 1205,HD 44323,6.0,27.40
B 1206,HD 44026,8.0,78.55
B 1207,HD 44402,3.0,23.26
B 1208,HD 44164,7.0,27.99
B 1209,HD 43921,6.5,1.96
B 1210,HD 44105,7.0,10.06
B 1211,HD 44120,6.0,9.11
B 1212,HD 44120,6.0,7.43
B 1213,HD 44267,6.0,30.23
B 1214,HD 44506,6.0,32.95
B 1215,HD 44362,6.0,35.74
B 1219,HD 44594,6.0,28.37
B 1220,HD 44247,7.0,9.17
B 1221,HD 44762,4.0,18.71
B 1222,HD 44737,6.0,31.62
B 1224,HD 44934,6.0,27.42
B 1226,HD 44918,7.0,25.54
B 1228,HD 44447,6.0,7.76
B 1229,HD 45145,6.0,33.48
B 1230,HD 45158,7.0,24.16
B 1231,HD 44846,7.0,3.05
B 1234,HD 44880,6.0,20.56
B 1235,HD 45542,5.0,34.24
B 1236,HD 44533,6.0,12.06
B 1237,HD 45306,6.0,20.14
B 1238,HD 45291,6.0,26.06
B 1239,HD 45719,8.0,27.74
B 1241,HD 45348,1.0,20.24
B 1242,HD 45588,6.0,25.43
B 1243,HD 45554,6.0,15.01
B 1244,HD 45509,6.5,21.49
B 1245,HD 45572,6.0,3.67
B 1246,HD 45450,6.0,15.74
B 1250,HD 45719,8.0,31.28
B 1251,HD 44327,7.0,17.78
B 1252,HD 45983,6.0,13.71
B 1253,HD 45892,8.0,26.32
B 1254,HD 46039,6.0,13.75
B 1255,HD 45893,8.0,57.54
B 1256,HD 46040,7.0,18.58
B 1257,HD 45796,6.0,6.97
B 1258,HD 45751,7.0,8.87
B 1259,HD 45669,6.0,4.81
B 1260,HD 45984,6.0,3.00
B 1261,HD 45463,7.5,14.26
B 1263,HD 46288,6.0,50.15
B 1264,HD 46349,6.0,22.66
B 1265,HD 46365,6.0,17.39
B 1266,HD 46212,7.0,24.68
B 1268,HD 46431,6.0,7.67
B 1269,HD 42556,6.0,1.91
B 1271,HD 46190,6.0,3.57
B 1272,HD 46568,6.0,39.39
B 1273,HD 46355,6.0,18.46
B 1274,HD 45820,7.5,10.84
B 1275,HD 46116,6.0,11.76
B 1276,HD 46569,6.0,11.45
B 1278,HD 46727,6.0,27.05
B 1279,HD 46479,6.0,8.91
B 1282,HD 46396,8.0,28.84
B 1286,HD 46837,7.0,48.38
B 1288,HD 46974,6.0,24.23
B 1290,HD 46894,8.0,34.04
B 1292,HD 46860,6.0,18.49
B 1293,HD 46792,6.0,13.13
B 1294,HD 47001,6.0,29.48
B 1295,HD 46861,7.0,3.89
B 1297,HD 47169,7.0,25.95
B 1299,HD 47447,6.5,5.66
B 1300,HD 46975,8.0,22.69
B 1301,HD 47095,6.5,7.18
B 1302,HD 47306,6.0,14.94
B 1303,HD 47500,6.0,21.32
B 1304,HD 47536,6.0,32.73
B 1305,HD 47371,6.0,18.32
B 1306,HD 46262,7.0,7.74
B 1307,HD 47601,7.0,32.19
B 1309,HD 47540,6.0,23.97
B 1310,HD 47670,3.0,28.47
B 1311,HD 47192,7.0,14.14
B 1312,HD 47541,8.0,16.12
B 1313,HD 47566,7.0,19.51
B 1314,HD 47805,6.0,26.87
B 1315,HD 47601,7.0,15.66
B 1316,HD 48329,3.0,19.25
B 1317,HD 47768,7.0,20.22
B 1319,HD 47699,7.0,16.85
B 1321,HD 47973,6.0,18.60
B 1322,HD 48087,6.0,22.57
B 1323,HD 48069,7.0,27.02
B 1324,HD 47910,6.5,9.93
B 1325,HD 48150,7.0,27.22
B 1326,HD 48024,6.0,24.83
B 1328,HD 48383,6.0,21.71
B 1329,HD 48382,7.0,43.53
B 1330,HD 48292,7.0,13.96
B 1331,HD 48402,6.0,25.83
B 1332,HD 48403,6.0,29.85
B 1333,HD 48189,6.0,20.40
B 1334,HD 48293,8.0,8.00
B 1336,HD 48726,9.0,6.21
B 1337,HD 48915,1.0,25.29
B 1338,HD 48797,6.0,3.85
B 1339,HD 48559,7.0,20.95
B 1340,HD 48857,6.0,12.15
B 1342,HD 49169,7.0,6.69
B 1343,HD 48945,7.0,2.93
B 1344,HD 48971,7.0,9.13
B 1346,HD 49319,6.0,8.29
B 1347,HD 48920,8.0,22.08
B 1348,HD 49259,0.0,27.49
B 1349,HD 49260,7.0,14.05
B 1350,HD 49035,8.0,24.51
B 1351,HD 49420,7.0,29.24
B 1352,HD 49192,6.0,27.62
B 1353,HD 49488,7.0,5.58
B 1354,HD 49219,6.5,28.21
B 1355,HD 49076,7.0,12.66
B 1356,HD 48990,8.0,21.23
B 1357,HD 49006,7.5,21.79
B 1359,HD 49591,6.0,20.11
B 1360,HD 49517,6.0,17.33
B 1361,HD 49614,6.0,7.02
B 1362,HD 49726,8.0,40.29
B 1364,HD 48584,6.0,4.97
B 1365,HD 49518,6.5,13.08
B 1366,HD 49778,6.0,36.69
B 1367,HD 49306,6.0,14.15
B 1368,HD 49850,6.0,15.76
B 1369,HD 50012,6.0,21.37
B 1370,HD 49705,6.5,14.90
B 1371,HD 50013,4.0,16.43
B 1372,HD 49942,6.0,7.47
B 1376,HD 49877,6.0,19.91
B 1377,HD 49922,7.0,16.84
B 1379,HD 50223,6.0,15.28
B 1380,HD 50101,8.0,5.18
B 1381,HD 50127,7.0,14.67
B 1382,HD 50445,6.0,16.36
B 1384,HD 50414,6.0,19.74
B 1385,HD 50472,8.0,14.37
B 1386,HD 50198,8.0,14.29
B 1387,HD 49286,7.0,8.59
B 1388,HD 50337,6.0,14.25
B 1389,HD 50241,4.0,10.49
B 1390,HD 50806,6.0,30.31
B 1391,HD 50450,7.0,13.53
B 1394,HD 50622,7.0,8.55
B 1395,HD 50785,6.0,19.98
B 1396,HD 49947,6.0,5.92
B 1397,HD 50882,7.0,13.23
B 1398,HD 51015,8.0,15.13
B 1399,HD 50903,8.0,17.74
B 1400,HD 51208,6.0,26.76
B 1401,HD 51043,6.0,27.35
B 1402,HD 51312,7.0,19.22
B 1403,HD 51367,7.0,12.76
B 1406,HD 51266,6.0,18.61
B 1408,HD 51210,6.5,10.86
B 1409,HD 51605,8.0,20.96
B 1411,HD 51682,6.0,24.65
B 1412,HD 51825,6.0,20.97
B 1413,HD 51826,7.0,16.84
B 1414,HD 51608,8.0,21.58
B 1415,HD 51491,8.0,15.93
B 1417,HD 51555,7.0,11.80
B 1418,HD 51799,6.0,22.82
B 1419,HD 52089,2.0,21.18
B 1420,HD 51211,6.0,9.38
B 1421,HD 52092,6.0,31.47
B 1422,HD 52024,6.0,27.90
B 1423,HD 51967,7.5,13.50
B 1424,HD 51968,7.0,7.97
B 1425,HD 51929,7.0,22.44
B 1426,HD 52296,9.0,9.30
B 1427,HD 52414,7.0,15.94
B 1428,HD 51557,6.0,11.21
B 1429,HD 52198,7.5,15.89
B 1430,HD 52362,6.0,32.24
B 1431,HD 52973,4.0,19.97
B 1433,HD 52301,7.0,19.61
B 1434,HD 52574,7.0,13.87
B 1435,HD 50506,6.0,7.85
B 1436,HD 51320,6.5,24.06
B 1437,HD 52877,4.0,23.10
B 1438,HD 52447,7.5,25.11
B 1439,HD 52603,6.0,10.24
B 1440,HD 52622,6.0,11.47
B 1441,HD 52760,7.0,23.76
B 1443,HD 52899,7.0,27.19
B 1444,HD 52993,6.0,21.81
B 1445,HD 53138,4.0,25.95
B 1446,HD 52902,6.0,16.43
B 1447,HD 52904,7.0,13.00
B 1448,HD 53071,7.0,36.18
B 1449,HD 52418,7.0,13.95
B 1450,HD 52760,7.0,47.38
B 1451,HD 53047,6.0,15.11
B 1453,HD 53253,6.0,18.21
B 1454,HD 53252,6.5,14.59
B 1455,HD 52904,7.0,26.31
B 1456,HD 53142,6.5,26.38
B 1458,HD 53348,6.5,17.03
B 1459,HD 53191,7.0,13.09
B 1460,HD 53444,7.0,31.79
B 1461,HD 53349,6.0,16.98
B 1462,HD 53704,6.0,20.86
B 1463,HD 53327,6.5,34.23
B 1464,HD 53705,6.0,41.56
B 1465,HD 53705,7.0,18.42
B 1466,HD 53525,8.0,48.77
B 1467,HD 53811,6.0,25.19
B 1469,HD 54038,7.0,15.72
B 1470,HD 54153,6.0,27.54
B 1471,HD 53868,7.0,33.46
B 1472,HD 53501,7.0,22.60
B 1473,HD 54208,6.0,11.13
B 1474,HD 53870,8.0,31.78
B 1475,HD 53921,6.0,19.22
B 1476,HD 54341,6.0,37.11
B 1477,HD 54118,6.0,15.61
B 1478,HD 54605,2.0,23.13
B 1480,HD 54343,8.0,9.93
B 1481,HD 54366,8.0,51.75
B 1482,HD 54503,8.0,2.75
B 1483,HD 52494,7.0,7.72
B 1485,HD 54529,7.0,17.26
B 1486,HD 54893,5.0,26.12
B 1488,HD 54732,6.0,23.10
B 1489,HD 54265,7.0,4.04
B 1490,HD 54507,8.0,33.76
B 1491,HD 54612,8.0,23.86
B 1492,HD 54792,6.0,12.42
B 1493,HD 55000,6.0,30.68
B 1494,HD 54819,7.5,3.67
B 1495,HD 55248,7.0,18.92
B 1496,HD 54967,7.0,20.45
B 1497,HD 55105,7.0,10.82
B 1498,HD 55568,6.0,24.71
B 1499,HD 55474,6.0,37.26
B 1500,HD 55327,8.0,12.44
B 1501,HD 55327,9.0,22.95
B 1502,HD 55718,6.0,15.87
B 1503,HD 55477,7.0,44.41
B 1505,HD 55433,7.0,17.01
B 1506,HD 55786,9.0,38.40
B 1508,HD 55527,6.5,26.58
B 1509,HD 55985,6.0,17.33
B 1510,HD 55860,8.0,48.48
B 1512,HD 55892,5.0,24.11
B 1514,HD 56139,5.0,27.47
B 1516,HD 56022,5.0,22.16
B 1517,HD 55478,7.0,6.64
B 1519,HD 56114,7.0,26.36
B 1520,HD 56096,6.0,26.83
B 1521,HD 55964,6.0,18.82
B 1522,HD 56342,6.0,14.28
B 1525,HD 56146,7.5,17.28
B 1526,HD 56618,6.0,21.24
B 1527,HD 56350,6.0,16.17
B 1528,HD 56455,6.0,14.50
B 1531,HD 56266,7.0,11.37
B 1532,HD 56266,7.0,7.88
B 1533,HD 56239,6.0,10.54
B 1535,HD 56779,6.0,21.70
B 1536,HD 56855,3.0,15.67
B 1537,HD 56240,6.0,3.40
B 1538,HD 56813,6.0,15.34
B 1539,HD 56978,7.0,24.40
B 1540,HD 56977,7.0,22.99
B 1541,HD 57423,5.5,16.11
B 1542,HD 57120,6.0,14.82
B 1544,HD 57150,6.0,20.65
B 1545,HD 56737,6.5,16.31
B 1546,HD 53842,7.0,20.38
B 1547,HD 56960,7.0,16.45
B 1548,HD 57219,6.0,29.51
B 1549,HD 56980,7.0,18.21
B 1550,HD 57095,6.0,10.12
B 1551,HD 56910,6.0,11.41
B 1552,HD 57240,6.0,20.05
B 1554,HD 57299,6.0,31.41
B 1555,HD 56961,7.0,22.83
B 1556,HD 57355,6.0,23.72
B 1557,HD 57415,6.0,21.35
B 1559,HD 57334,7.0,21.52
B 1560,HD 57125,8.0,25.92
B 1562,HD 57487,6.5,15.02
B 1563,HD 57637,7.0,31.67
B 1565,HD 57582,7.0,19.16
B 1566,HD 57446,7.0,5.69
B 1567,HD 58015,8.0,3.35
B 1568,HD 57199,8.0,30.41
B 1569,HD 57375,7.0,18.88
B 1570,HD 57945,6.0,23.12
B 1571,HD 57764,7.0,16.13
B 1572,HD 57719,7.0,14.45
B 1573,HD 58087,8.0,29.97
B 1574,HD 57853,6.0,9.99
B 1575,HD 58063,6.5,37.54
B 1576,HD 57897,8.0,31.22
B 1578,HD 57852,6.0,8.83
B 1579,HD 57767,7.0,25.71
B 1580,HD 57854,8.0,27.32
B 1581,HD 58155,6.0,15.78
B 1583,HD 58017,7.0,5.98
B 1584,HD 58283,6.0,27.16
B 1585,HD 58286,6.0,22.50
B 1586,HD 57623,5.0,15.25
B 1587,HD 57287,8.0,29.02
B 1588,HD 57969,6.0,7.56
B 1589,HD 57808,7.0,4.10
B 1590,HD 58325,6.0,33.31
B 1591,HD 58350,2.0,24.61
B 1592,HD 57919,6.5,12.77
B 1593,HD 57376,8.0,41.80
B 1595,HD 58092,7.0,24.02
B 1598,HD 58535,6.0,21.05
B 1599,HD 58292,7.0,22.21
B 1600,HD 58140,8.0,6.25
B 1602,HD 58540,6.5,20.84
B 1603,HD 58404,8.5,18.80
B 1604,HD 58448,7.0,15.06
B 1605,HD 58657,7.0,18.04
B 1606,HD 58592,8.0,18.55
B 1607,HD 57336,7.0,20.56
B 1608,HD 58591,7.0,19.94
B 1609,HD 59026,6.0,21.05
B 1610,HD 58293,7.5,17.86
B 1612,HD 58356,8.0,6.72
B 1613,HD 58981,7.0,9.53
B 1614,HD 59256,6.0,24.30
B 1615,HD 58774,6.5,9.06
B 1616,HD 58895,6.0,20.01
B 1617,HD 58941,7.0,23.97
B 1619,HD 59219,6.0,16.61
B 1620,HD 59416,8.0,11.45
B 1621,HD 58942,8.0,9.76
B 1622,HD 59499,6.0,29.12
B 1623,HD 59199,8.0,78.71
B 1625,HD 59468,7.0,18.55
B 1626,HD 58874,8.0,16.07
B 1627,HD 59370,8.0,14.77
B 1628,HD 59635,6.0,19.21
B 1629,HD 59468,7.0,11.51
B 1630,HD 60178,1.5,6.54
B 1631,HD 59717,4.0,18.09
B 1632,HD 56938,7.0,24.83
B 1633,HD 59578,8.0,8.81
B 1635,HD 59579,7.0,29.31
B 1636,HD 59239,6.0,24.77
B 1637,HD 59989,7.5,23.42
B 1638,HD 59780,6.5,11.97
B 1639,HD 59991,8.0,4.90
B 1640,HD 60060,6.0,23.71
B 1641,HD 59994,8.0,4.03
B 1642,HD 60345,6.0,31.95
B 1643,HD 60130,6.0,19.51
B 1644,HD 60201,7.5,18.97
B 1645,HD 60201,7.0,10.07
B 1647,HD 60228,6.0,17.62
B 1648,HD 60585,5.0,15.40
B 1650,HD 60629,5.0,45.37
B 1652,HD 60290,7.0,29.89
B 1653,HD 60606,6.0,23.96
B 1654,HD 60574,7.0,14.35
B 1655,HD 60499,7.0,18.13
B 1656,HD 60687,7.0,8.63
B 1657,HD 60863,6.0,28.76
B 1658,HD 60791,8.0,17.25
B 1659,HD 60649,6.0,12.93
B 1660,HD 60753,6.0,24.98
B 1661,HD 60734,7.5,19.92
B 1662,HD 61008,8.0,13.06
B 1663,HD 60929,6.0,30.88
B 1664,HD 61191,7.0,8.82
B 1665,HD 60674,7.0,5.37
B 1666,HD 61421,1.0,13.87
B 1667,HD 60931,6.0,3.44
B 1668,HD 61245,7.5,19.32
B 1669,HD 60798,8.0,21.55
B 1670,HD 61330,6.0,19.83
B 1671,HD 61429,6.0,35.47
B 1672,HD 61333,7.5,21.62
B 1674,HD 61248,6.0,20.62
B 1675,HD 59973,7.0,7.81
B 1676,HD 61390,8.0,28.10
B 1677,HD 61453,6.0,13.10
B 1678,HD 61471,9.0,17.01
B 1681,HD 61391,6.0,10.43
B 1682,HD 61392,8.0,8.94
B 1683,HD 61672,7.0,5.67
B 1684,HD 61394,6.0,18.12
B 1685,HD 61672,7.0,25.62
B 1686,HD 61687,7.0,6.08
B 1687,HD 61641,6.0,27.20
B 1688,HD 61642,6.0,46.61
B 1689,HD 61623,7.0,26.53
B 1690,HD 61436,6.5,18.49
B 1692,HD 61831,6.0,22.32
B 1693,HD 61763,8.0,37.86
B 1694,HD 61715,6.0,18.76
B 1695,HD 61878,6.0,36.81
B 1697,HD 61899,6.0,17.18
B 1698,HD 61925,6.0,8.76
B 1699,HD 61644,8.0,49.13
B 1700,HD 61764,8.0,20.91
B 1701,HD 61741,8.0,21.50
B 1704,HD 62509,1.5,6.88
B 1705,HD 61966,6.0,12.68
B 1706,HD 61949,6.0,15.42
B 1707,HD 61765,8.0,7.28
B 1708,HD 60816,6.0,5.97
B 1709,HD 62226,6.0,26.60
B 1710,HD 62412,6.0,34.45
B 1711,HD 62318,6.5,26.15
B 1713,HD 62091,7.0,10.83
B 1714,HD 62092,7.5,10.49
B 1715,HD 62576,6.0,30.17
B 1716,HD 62064,7.0,16.51
B 1717,HD 62623,6.0,29.48
B 1718,HD 62578,6.0,10.73
B 1719,HD 62400,6.0,18.76
B 1720,HD 62483,8.0,12.46
B 1721,HD 62712,6.0,22.70
B 1722,HD 62644,6.0,20.06
B 1723,HD 62713,6.0,12.80
B 1724,HD 62612,6.0,11.83
B 1725,HD 62663,7.0,21.49
B 1726,HD 62893,6.0,21.91
B 1727,HD 62597,7.0,14.73
B 1728,HD 62714,6.0,12.56
B 1730,HD 62991,7.0,18.93
B 1731,HD 62153,6.0,6.30
B 1733,HD 62826,7.0,11.76
B 1735,HD 63032,5.0,20.96
B 1738,HD 62941,8.0,27.94
B 1739,HD 63007,6.0,13.57
B 1740,HD 63008,6.0,10.79
B 1743,HD 63153,7.0,23.51
B 1744,HD 63215,6.0,28.08
B 1745,HD 63291,6.0,30.93
B 1746,HD 63252,7.0,20.64
B 1748,HD 63308,6.0,30.57
B 1749,HD 63177,8.0,6.68
B 1750,HD 63462,6.0,18.31
B 1751,HD 63343,7.0,26.92
B 1752,HD 63203,8.0,16.26
B 1753,HD 63425,7.0,8.76
B 1755,HD 63465,6.0,29.10
B 1756,HD 63403,7.0,24.88
B 1757,HD 63088,7.0,18.54
B 1759,HD 63451,6.0,2.99
B 1760,HD 63660,7.0,14.56
B 1762,HD 63382,6.0,15.32
B 1763,HD 63700,4.0,28.39
B 1764,HD 63640,6.0,27.88
B 1765,HD 63578,6.0,19.31
B 1766,HD 63579,7.0,15.94
B 1767,HD 63605,8.0,24.13
B 1768,HD 63056,7.0,12.74
B 1771,HD 63666,7.0,8.55
B 1772,HD 63744,6.0,21.46
B 1773,HD 63868,6.0,22.62
B 1774,HD 63406,7.0,9.27
B 1777,HD 63513,6.0,6.06
B 1780,HD 63949,6.0,17.41
B 1781,HD 63429,7.0,12.44
B 1783,HD 63088,7.0,9.91
B 1784,HD 63926,6.0,25.82
B 1785,HD 63584,6.0,13.43
B 1786,HD 63747,8.0,27.46
B 1787,HD 64181,6.0,34.48
B 1788,HD 64067,6.0,18.04
B 1789,HD 64121,7.5,26.04
B 1791,HD 64120,8.0,19.03
B 1792,HD 64122,8.0,10.53
B 1793,HD 63832,7.0,17.28
B 1794,HD 64270,7.5,6.90
B 1795,HD 64162,7.0,14.76
B 1796,HD 64225,6.0,11.34
B 1797,HD 64379,6.0,8.30
B 1798,HD 64318,6.0,10.26
B 1799,HD 64440,5.0,22.62
B 1801,HD 64503,5.0,23.85
B 1802,HD 64572,6.0,68.88
B 1803,HD 64142,7.0,18.31
B 1804,HD 64820,8.0,27.54
B 1805,HD 64802,6.0,30.83
B 1806,HD 64507,7.0,10.80
B 1807,HD 64624,7.5,16.89
B 1808,HD 64898,7.0,59.21
B 1809,HD 64717,6.5,7.33
B 1811,HD 64876,6.0,5.25
B 1813,HD 64740,6.0,13.70
B 1815,HD 64484,6.0,19.58
B 1816,HD 64784,8.0,30.27
B 1817,HD 65013,7.0,15.67
B 1818,HD 64831,8.0,16.55
B 1819,HD 65183,6.0,16.73
B 1820,HD 64409,7.0,14.51
B 1822,HD 65134,8.0,12.29
B 1823,HD 64930,7.0,7.03
B 1824,HD 64848,8.0,2.71
B 1825,HD 65456,6.0,20.86
B 1826,HD 65249,7.0,8.47
B 1827,HD 65360,8.0,32.79
B 1828,HD 65250,8.0,23.93
B 1829,HD 65273,6.0,17.83
B 1830,HD 64980,8.0,23.77
B 1831,HD 65551,6.0,21.20
B 1833,HD 65553,7.0,17.75
B 1834,HD 65493,8.0,26.04
B 1835,HD 65575,4.0,17.57
B 1836,HD 65685,6.0,15.38
B 1839,HD 65818,6.0,19.55
B 1840,HD 65710,7.0,25.86
B 1842,HD 65662,6.0,4.57
B 1843,HD 65929,6.5,18.65
B 1844,HD 66149,6.0,37.33
B 1845,HD 65948,7.0,6.23
B 1846,HD 65852,7.0,6.77
B 1848,HD 66005,7.0,6.38
B 1849,HD 65948,8.0,12.11
B 1851,HD 66079,6.5,14.11
B 1852,HD 65907,6.0,18.73
B 1853,HD 66080,7.0,5.83
B 1854,HD 66064,7.0,21.51
B 1855,HD 65908,6.0,13.14
B 1856,HD 66192,7.0,29.64
B 1857,HD 66064,8.0,17.91
B 1858,HD 66210,6.0,21.55
B 1859,HD 66358,6.0,20.05
B 1860,HD 66255,6.0,33.40
B 1861,HD 66435,6.0,20.73
B 1862,HD 66194,6.0,19.12
B 1864,HD 66109,7.0,21.84
B 1865,HD 66478,6.0,12.06
B 1867,HD 66464,7.0,10.88
B 1868,HD 66341,6.0,25.03
B 1869,HD 66342,6.0,24.52
B 1870,HD 66441,6.0,34.56
B 1871,HD 66342,6.0,2.34
B 1873,HD 66605,6.0,18.36
B 1874,HD 64723,7.0,1.68
B 1875,HD 66546,6.0,13.83
B 1876,HD 66811,2.0,23.37
B 1877,HD 66607,6.0,2.25
B 1878,HD 66888,6.0,8.66
B 1880,HD 66747,7.0,6.38
B 1881,HD 66706,6.0,37.95
B 1882,HD 65001,7.0,5.89
B 1883,HD 66591,6.0,14.33
B 1884,HD 67078,6.0,11.81
B 1887,HD 67243,6.0,15.97
B 1888,HD 67249,6.0,23.83
B 1889,HD 67221,7.0,11.41
B 1890,HD 67341,6.0,14.07
B 1891,HD 65517,7.0,12.35
B 1892,HD 67523,4.0,23.61
B 1893,HD 67365,7.0,11.46
B 1894,HD 67363,6.5,24.06
B 1895,HD 67276,8.0,32.80
B 1897,HD 67365,7.0,10.59
B 1898,HD 67582,6.0,11.76
B 1899,HD 65836,7.0,9.39
B 1900,HD 66920,6.0,11.58
B 1904,HD 67421,8.0,17.61
B 1905,HD 67315,7.0,13.75
B 1906,HD 67536,6.0,25.25
B 1907,HD 67763,7.0,19.21
B 1908,HD 67847,6.0,19.71
B 1909,HD 68117,7.0,32.30
B 1910,HD 67559,6.5,24.60
B 1911,HD 67954,8.0,13.56
B 1912,HD 67688,7.0,2.51
B 1913,HD 68161,6.0,20.60
B 1914,HD 68242,6.0,20.07
B 1915,HD 68363,7.0,35.89
B 1916,HD 68243,6.0,22.47
B 1917,HD 68273,2.0,18.93
B 1919,HD 67990,7.0,2.21
B 1920,HD 68324,6.0,26.56
B 1921,HD 68276,7.0,30.76
B 1922,HD 68450,5.0,23.53
B 1923,HD 68371,7.0,26.60
B 1924,HD 68510,7.0,6.22
B 1926,HD 68478,6.0,18.76
B 1927,HD 68496,6.0,25.25
B 1928,HD 68434,6.0,18.07
B 1929,HD 68601,6.0,21.80
B 1930,HD 68980,6.0,36.10
B 1931,HD 68657,6.0,20.98
B 1933,HD 68761,6.0,22.60
B 1934,HD 68456,6.0,15.40
B 1935,HD 68423,6.0,11.51
B 1936,HD 68944,7.0,23.94
B 1937,HD 68962,7.0,32.44
B 1939,HD 69080,6.0,33.74
B 1940,HD 68520,5.0,16.13
B 1941,HD 69081,6.0,30.32
B 1942,HD 69082,7.0,21.01
B 1943,HD 69142,6.0,26.42
B 1944,HD 69051,6.0,7.69
B 1945,HD 69168,6.0,21.56
B 1946,HD 69009,7.0,6.70
B 1947,HD 68767,7.0,3.03
B 1948,HD 69302,6.0,13.79
B 1949,HD 69282,7.0,62.03
B 1950,HD 69444,7.0,34.50
B 1951,HD 69134,8.0,9.96
B 1952,HD 69304,7.0,58.96
B 1953,HD 69404,6.5,19.03
B 1954,HD 68950,7.0,22.90
B 1955,HD 69514,7.0,32.22
B 1956,HD 69756,7.0,38.85
B 1957,HD 69624,7.0,22.98
B 1958,HD 69596,7.0,34.37
B 1959,HD 69650,6.5,13.92
B 1960,HD 69652,7.0,8.78
B 1961,HD 69730,7.0,40.73
B 1962,HD 69879,6.0,16.52
B 1963,HD 69947,7.0,17.11
B 1964,HD 69882,7.0,17.10
B 1965,HD 69856,7.0,14.07
B 1966,HD 70002,6.0,22.74
B 1967,HD 69973,7.0,15.97
B 1968,HD 70060,5.0,40.73
B 1969,HD 69891,7.5,12.13
B 1970,HD 69860,7.0,8.71
B 1971,HD 69863,6.0,12.04
B 1973,HD 70218,7.0,9.34
B 1974,HD 70325,7.0,22.79
B 1975,HD 70251,7.0,18.54
B 1976,HD 70264,7.0,18.01
B 1977,HD 70309,6.0,15.78
B 1978,HD 70267,6.0,17.95
B 1979,HD 70555,5.0,31.94
B 1980,HD 70414,7.0,14.93
B 1981,HD 70333,7.0,22.00
B 1982,HD 70506,6.0,9.23
B 1983,HD 70556,6.0,23.59
B 1984,HD 70612,6.0,20.42
B 1985,HD 70510,6.0,15.74
B 1986,HD 70642,7.0,33.68
B 1987,HD 70385,7.0,18.24
B 1988,HD 70761,6.0,27.42
B 1990,HD 70715,6.5,15.89
B 1991,HD 70796,6.5,40.39
B 1993,HD 70717,8.0,19.96
B 1994,HD 70703,6.0,13.72
B 1995,HD 70731,7.0,44.70
B 1996,HD 70622,7.0,17.50
B 1998,HD 70514,6.0,17.44
B 1999,HD 70945,7.0,9.18
B 2000,HD 70851,7.0,33.67
B 2001,HD 70892,7.0,32.24
B 2002,HD 70946,6.0,23.43
B 2003,HD 70930,6.0,17.23
B 2004,HD 70950,7.0,18.32
B 2005,HD 70839,6.0,7.59
B 2006,HD 70951,7.0,3.94
B 2007,HD 67479,8.0,1.22
B 2008,HD 71019,8.0,11.79
B 2011,HD 71043,6.0,19.46
B 2012,HD 71129,2.0,17.77
B 2013,HD 71302,6.0,10.41
B 2014,HD 71257,7.5,28.59
B 2015,HD 71364,8.0,10.13
B 2016,HD 71523,6.0,21.48
B 2017,HD 71459,6.0,27.53
B 2018,HD 71046,6.0,22.39
B 2019,HD 71622,6.0,28.64
B 2020,HD 71668,7.0,27.00
B 2021,HD 71405,6.5,13.95
B 2022,HD 71066,6.0,18.38
B 2024,HD 71688,6.0,11.55
B 2025,HD 71607,7.0,24.14
B 2026,HD 71587,7.5,20.59
B 2027,HD 71491,6.0,10.52
B 2028,HD 71630,7.0,14.33
B 2030,HD 71718,7.0,9.34
B 2031,HD 71695,6.0,29.35
B 2033,HD 71634,6.5,10.75
B 2034,HD 71722,6.5,14.76
B 2035,HD 71857,7.0,33.20
B 2036,HD 71790,7.0,18.61
B 2037,HD 71803,7.0,11.39
B 2039,HD 71805,6.0,10.33
B 2040,HD 71805,7.0,9.14
B 2041,HD 71916,7.0,17.96
B 2042,HD 71807,6.5,13.14
B 2043,HD 71967,7.0,32.64
B 2044,HD 71841,7.0,32.29
B 2045,HD 71841,7.0,14.85
B 2046,HD 72014,6.0,20.43
B 2047,HD 71935,6.0,9.68
B 2048,HD 71243,5.0,2.33
B 2049,HD 71919,6.0,29.56
B 2051,HD 72067,6.0,32.35
B 2052,HD 72019,7.0,26.92
B 2053,HD 72090,7.5,15.15
B 2055,HD 71576,5.0,15.14
B 2056,HD 72108,6.0,22.85
B 2057,HD 71878,5.0,13.81
B 2058,HD 72232,6.0,18.45
B 2059,HD 72322,7.0,14.09
B 2060,HD 72253,7.0,17.05
B 2061,HD 72318,7.0,16.84
B 2062,HD 72317,7.0,23.54
B 2063,HD 72127,6.0,25.59
B 2064,HD 72384,7.0,28.93
B 2065,HD 72303,6.0,22.50
B 2066,HD 72436,6.0,14.57
B 2067,HD 72322,6.0,23.91
B 2068,HD 72275,7.5,9.13
B 2070,HD 72388,7.0,42.77
B 2071,HD 72514,7.0,24.37
B 2072,HD 72485,6.0,14.19
B 2074,HD 72537,6.5,30.31
B 2075,HD 72389,8.0,12.26
B 2076,HD 72673,6.0,18.51
B 2077,HD 72688,6.0,33.87
B 2078,HD 72337,6.0,12.61
B 2079,HD 72993,7.0,35.39
B 2080,HD 72754,6.5,24.49
B 2081,HD 72832,6.0,33.98
B 2082,HD 72798,6.5,10.35
B 2084,HD 72800,6.0,21.90
B 2086,HD 72899,7.0,13.38
B 2087,HD 72820,8.0,13.36
B 2088,HD 72634,7.0,10.92
B 2089,HD 72858,7.0,15.87
B 2090,HD 73072,6.0,33.79
B 2091,HD 72878,7.0,29.56
B 2093,HD 73075,7.0,36.01
B 2094,HD 73121,6.0,26.15
B 2095,HD 73105,7.0,16.95
B 2096,HD 72882,8.0,12.98
B 2097,HD 73127,6.0,7.67
B 2098,HD 72740,7.0,18.36
B 2099,HD 73155,6.0,15.60
B 2100,HD 73335,6.0,30.13
B 2101,HD 73244,7.0,13.86
B 2102,HD 72719,7.0,12.13
B 2103,HD 73273,7.0,23.17
B 2104,HD 73326,7.0,23.02
B 2105,HD 73495,6.0,34.43
B 2106,HD 73340,6.0,22.17
B 2107,HD 73369,7.0,80.04
B 2108,HD 73502,6.0,31.51
B 2110,HD 73478,6.5,17.62
B 2111,HD 73390,6.0,34.33
B 2112,HD 73389,6.0,23.91
B 2113,HD 73390,6.0,15.58
B 2114,HD 73634,6.0,27.28
B 2116,HD 73678,7.5,14.13
B 2117,HD 73826,8.0,12.92
B 2118,HD 73681,8.0,14.20
B 2119,HD 73757,8.0,22.68
B 2120,HD 73879,7.0,1.81
B 2121,HD 73776,7.0,15.07
B 2122,HD 73898,6.0,12.27
B 2123,HD 73900,6.0,26.14
B 2125,HD 73847,8.0,30.01
B 2126,HD 73814,7.0,15.63
B 2127,HD 74006,5.0,37.30
B 2128,HD 73904,8.0,28.36
B 2129,HD 73468,6.0,23.96
B 2131,HD 73391,7.0,15.95
B 2132,HD 74067,6.0,28.23
B 2133,HD 74104,8.0,20.34
B 2134,HD 74105,7.0,17.85
B 2135,HD 73887,6.0,15.06
B 2136,HD 72922,6.0,17.84
B 2137,HD 74166,7.0,27.79
B 2138,HD 74071,6.0,20.00
B 2139,HD 74130,7.0,22.75
B 2140,HD 74167,6.0,27.01
B 2141,HD 74180,5.0,27.34
B 2142,HD 74146,6.0,85.13
B 2143,HD 74146,6.0,11.17
B 2144,HD 74168,7.0,13.05
B 2145,HD 74300,7.0,20.20
B 2146,HD 74182,7.0,14.41
B 2147,HD 74234,7.0,16.97
B 2148,HD 74195,4.0,21.27
B 2149,HD 74196,6.0,9.69
B 2150,HD 74088,6.0,10.25
B 2151,HD 74250,8.0,23.07
B 2152,HD 74251,7.0,21.88
B 2153,HD 74148,7.0,16.88
B 2154,HD 74272,6.0,12.59
B 2155,HD 74273,6.0,31.44
B 2156,HD 74290,8.0,17.54
B 2157,HD 74319,6.0,32.06
B 2158,HD 74371,5.0,6.57
B 2159,HD 74341,6.0,23.24
B 2160,HD 74575,5.0,29.89
B 2161,HD 74455,6.0,38.65
B 2162,HD 74438,7.0,26.10
B 2164,HD 74531,7.0,21.59
B 2165,HD 74558,6.0,20.78
B 2166,HD 74516,7.0,12.69
B 2167,HD 74599,6.5,17.92
B 2168,HD 74535,6.0,21.64
B 2169,HD 74560,6.0,14.64
B 2170,HD 74650,7.0,19.41
B 2171,HD 74422,8.0,40.14
B 2172,HD 74731,7.0,27.47
B 2173,HD 74712,7.0,7.38
B 2174,HD 74665,8.0,25.85
B 2175,HD 74711,7.0,22.55
B 2176,HD 74822,7.0,39.26
B 2177,HD 74388,7.0,12.00
B 2178,HD 74824,6.0,38.44
B 2179,HD 74772,6.0,17.91
B 2180,HD 74753,6.0,31.10
B 2181,HD 74713,8.0,17.61
B 2183,HD 74734,8.0,21.75
B 2184,HD 74405,6.0,6.04
B 2185,HD 74762,7.0,44.05
B 2186,HD 74681,8.0,60.00
B 2187,HD 74853,8.0,41.06
B 2188,HD 74948,7.0,31.65
B 2189,HD 74853,7.0,27.45
B 2191,HD 74853,7.0,23.37
B 2192,HD 74955,7.5,9.64
B 2193,HD 75112,6.0,37.61
B 2194,HD 74956,3.0,16.01
B 2195,HD 74922,8.0,13.49
B 2196,HD 75028,8.0,35.06
B 2198,HD 75063,5.0,22.92
B 2199,HD 75126,6.0,23.94
B 2200,HD 75149,6.0,35.83
B 2201,HD 75129,7.0,19.88
B 2202,HD 75150,8.0,44.87
B 2203,HD 75105,7.0,14.26
B 2205,HD 74958,8.0,4.91
B 2206,HD 75086,6.0,24.79
B 2207,HD 75152,7.0,15.02
B 2209,HD 74623,7.0,16.22
B 2210,HD 75290,8.0,32.37
B 2211,HD 75202,8.0,21.25
B 2212,HD 75276,6.0,16.28
B 2213,HD 75364,7.0,22.18
B 2214,HD 75387,6.0,19.05
B 2215,HD 75351,7.0,31.62
B 2216,HD 75171,6.0,12.71
B 2217,HD 75311,6.0,15.71
B 2218,HD 75116,6.0,18.31
B 2219,HD 75514,7.0,41.51
B 2220,HD 75446,7.0,3.35
B 2221,HD 75528,6.5,29.08
B 2222,HD 75629,6.0,17.34
B 2223,HD 75605,6.0,16.35
B 2224,HD 75466,6.0,66.41
B 2225,HD 75466,7.0,13.45
B 2226,HD 75649,6.0,33.25
B 2228,HD 75630,6.0,25.58
B 2229,HD 75608,7.0,5.59
B 2230,HD 75654,6.0,10.46
B 2232,HD 75451,6.0,5.60
B 2233,HD 75134,7.0,8.31
B 2234,HD 75710,6.0,27.40
B 2235,HD 75643,8.0,16.66
B 2236,HD 75790,7.0,9.70
B 2237,HD 75789,7.0,10.67
B 2238,HD 75921,7.0,22.75
B 2241,HD 75821,6.0,22.95
B 2242,HD 75874,7.0,15.35
B 2243,HD 75888,8.0,6.54
B 2244,HD 75989,6.0,37.34
B 2246,HD 76091,7.0,4.93
B 2247,HD 76072,7.0,30.41
B 2248,HD 76060,8.0,27.42
B 2249,HD 76110,6.0,26.23
B 2250,HD 75590,6.5,8.45
B 2251,HD 75929,6.0,17.89
B 2252,HD 76161,6.0,25.21
B 2253,HD 76186,6.5,6.41
B 2254,HD 75416,5.0,8.94
B 2255,HD 76092,8.0,58.71
B 2256,HD 76113,6.0,14.80
B 2257,HD 76187,8.0,67.24
B 2258,HD 76304,7.0,29.86
B 2259,HD 76230,6.0,5.96
B 2260,HD 75505,7.0,7.39
B 2261,HD 76437,7.0,43.68
B 2262,HD 76360,6.0,20.79
B 2263,HD 76483,6.0,35.91
B 2264,HD 76143,6.0,12.90
B 2265,HD 76346,6.0,21.25
B 2266,HD 76458,7.0,16.06
B 2267,HD 76534,8.0,22.77
B 2269,HD 75893,6.5,15.59
B 2270,HD 75747,6.0,2.64
B 2271,HD 76567,8.0,22.02
B 2272,HD 76566,6.0,33.13
B 2273,HD 76668,7.0,22.94
B 2274,HD 76538,6.0,17.67
B 2275,HD 76649,8.0,1.47
B 2276,HD 76744,8.0,8.82
B 2277,HD 76838,7.0,29.71
B 2278,HD 76726,7.0,21.07
B 2279,HD 76640,6.0,33.23
B 2280,HD 76805,6.0,15.58
B 2281,HD 76728,6.0,22.01
B 2282,HD 76898,7.0,33.73
B 2283,HD 76823,8.0,17.03
B 2285,HD 76860,7.0,16.97
B 2286,HD 76824,7.5,12.53
B 2287,HD 76614,7.0,21.74
B 2288,HD 76825,7.0,24.58
B 2289,HD 77087,6.0,14.65
B 2290,HD 76236,6.0,0.46
B 2291,HD 77020,6.0,17.40
B 2292,HD 77113,9.0,10.13
B 2293,HD 77002,5.0,16.62
B 2295,HD 77119,7.0,31.94
B 2296,HD 77140,6.0,19.36
B 2297,HD 77033,7.0,11.86
B 2299,HD 77224,7.0,20.69
B 2301,HD 77361,6.0,25.46
B 2303,HD 77226,7.0,6.01
B 2305,HD 77320,6.0,18.67
B 2306,HD 77305,6.5,18.15
B 2308,HD 74566,7.0,7.73
B 2309,HD 77475,6.0,12.69
B 2311,HD 77370,5.0,15.27
B 2312,HD 77464,6.5,15.64
B 2313,HD 77489,7.0,36.48
B 2314,HD 77580,6.0,45.69
B 2315,HD 77665,6.0,25.30
B 2316,HD 77566,7.0,16.28
B 2317,HD 77566,7.0,7.32
B 2318,HD 77324,7.0,19.34
B 2319,HD 77684,7.0,19.98
B 2320,HD 77653,6.0,27.54
B 2321,HD 77739,8.0,37.84
B 2322,HD 77615,6.0,17.91
B 2323,HD 77865,7.0,18.55
B 2324,HD 77440,6.5,6.23
B 2325,HD 77656,7.0,18.38
B 2326,HD 78004,5.0,27.10
B 2327,HD 78097,8.0,34.35
B 2328,HD 78133,6.5,50.16
B 2329,HD 78135,7.0,15.84
B 2330,HD 77887,6.5,17.98
B 2331,HD 78084,7.0,36.12
B 2332,HD 78084,7.0,10.19
B 2334,HD 78045,5.0,15.09
B 2338,HD 78541,6.0,26.00
B 2339,HD 78232,7.0,13.90
B 2340,HD 78459,7.0,21.03
B 2341,HD 77981,6.0,9.75
B 2342,HD 78676,6.5,30.79
B 2343,HD 78626,7.0,5.16
B 2344,HD 78529,7.0,15.78
B 2345,HD 78616,7.0,25.60
B 2346,HD 78647,3.0,22.93
B 2347,HD 78599,7.0,8.61
B 2348,HD 78507,8.0,11.88
B 2349,HD 78568,7.0,15.76
B 2351,HD 78747,7.5,8.31
B 2352,HD 78922,6.0,33.89
B 2353,HD 78724,7.0,13.14
B 2354,HD 78690,7.0,9.13
B 2355,HD 78834,8.0,6.38
B 2357,HD 78632,6.0,14.20
B 2358,HD 78760,8.0,10.00
B 2359,HD 78761,7.0,27.39
B 2360,HD 78959,8.0,20.04
B 2361,HD 78802,7.0,16.50
B 2362,HD 78883,7.5,25.10
B 2364,HD 79039,7.0,11.84
B 2365,HD 78988,8.0,16.16
B 2366,HD 79025,7.0,8.27
B 2367,HD 78763,7.5,11.25
B 2368,HD 78988,8.0,9.49
B 2370,HD 79072,7.0,23.06
B 2371,HD 79091,6.0,18.27
B 2372,HD 79154,7.0,21.24
B 2373,HD 79185,7.0,35.76
B 2374,HD 78791,5.0,3.59
B 2375,HD 79140,8.0,13.39
B 2377,HD 79075,7.0,15.50
B 2378,HD 79241,6.0,28.05
B 2379,HD 78763,6.0,3.97
B 2380,HD 79275,6.0,30.33
B 2381,HD 79041,7.0,20.60
B 2382,HD 79413,7.0,35.57
B 2385,HD 79403,6.5,30.53
B 2386,HD 79350,8.0,18.07
B 2387,HD 79416,6.0,25.24
B 2388,HD 79351,5.0,17.14
B 2389,HD 79368,8.0,6.31
B 2390,HD 79524,7.0,15.41
B 2391,HD 79421,7.0,16.80
B 2392,HD 79337,7.5,13.57
B 2393,HD 79106,7.0,4.92
B 2394,HD 79447,5.0,17.35
B 2395,HD 79621,6.0,12.53
B 2396,HD 79624,8.0,32.96
B 2397,HD 79694,6.0,36.64
B 2398,HD 79625,7.0,14.51
B 2399,HD 79755,7.0,15.99
B 2401,HD 79807,6.0,18.38
B 2402,HD 79737,8.0,11.00
B 2403,HD 79810,7.0,18.90
B 2404,HD 79698,6.0,14.45
B 2408,HD 79940,6.0,18.87
B 2409,HD 79900,6.0,23.96
B 2410,HD 79846,6.0,30.56
B 2411,HD 79629,7.0,17.02
B 2412,HD 80001,8.0,16.35
B 2413,HD 79982,7.5,39.50
B 2414,HD 79946,7.5,20.52
B 2415,HD 79743,7.0,2.45
B 2416,HD 80108,6.0,6.66
B 2417,HD 80170,6.0,21.10
B 2418,HD 80094,6.0,18.66
B 2419,HD 80205,7.0,37.82
B 2420,HD 80126,6.5,19.57
B 2421,HD 80210,7.0,16.84
B 2422,HD 80060,7.0,21.44
B 2423,HD 80281,7.5,45.05
B 2424,HD 80230,6.0,18.78
B 2425,HD 80007,2.0,5.99
B 2426,HD 80380,7.0,35.53
B 2427,HD 80484,8.0,36.16
B 2428,HD 80456,6.0,23.93
B 2429,HD 80404,2.0,18.38
B 2430,HD 80590,6.0,27.74
B 2431,HD 80572,7.0,6.57
B 2432,HD 80459,6.0,15.08
B 2434,HD 80774,6.0,24.03
B 2435,HD 80761,7.0,25.73
B 2436,HD 80874,6.0,28.61
B 2437,HD 80777,7.0,43.77
B 2438,HD 80817,8.0,7.63
B 2439,HD 80742,8.0,20.71
B 2440,HD 80781,6.0,18.12
B 2441,HD 80859,8.0,17.59
B 2442,HD 80922,7.5,34.87
B 2443,HD 80881,7.0,14.34
B 2444,HD 80671,6.0,14.19
B 2445,HD 80710,6.0,6.68
B 2446,HD 81034,6.0,33.09
B 2447,HD 80257,7.5,9.53
B 2449,HD 81091,7.0,3.24
B 2450,HD 81035,7.5,15.84
B 2451,HD 81169,6.0,26.12
B 2453,HD 81135,8.0,2.87
B 2454,HD 81136,6.0,20.61
B 2455,HD 81078,7.0,24.21
B 2456,HD 81038,7.0,4.27
B 2457,HD 81157,6.0,17.00
B 2458,HD 81276,8.0,36.74
B 2459,HD 81188,3.0,10.06
B 2460,HD 81309,6.5,22.90
B 2461,HD 81101,6.0,9.54
B 2462,HD 81293,8.0,32.48
B 2463,HD 81175,7.0,16.46
B 2464,HD 81347,6.0,26.40
B 2465,HD 81411,6.5,20.45
B 2466,HD 81369,6.5,21.67
B 2468,HD 81351,7.0,41.51
B 2469,HD 80950,6.0,10.15
B 2470,HD 80951,6.0,8.20
B 2472,HD 81468,8.0,6.20
B 2473,HD 81529,7.0,15.79
B 2474,HD 81471,6.0,22.60
B 2475,HD 81575,6.5,16.43
B 2476,HD 81662,7.0,26.77
B 2477,HD 81621,7.5,18.77
B 2479,HD 81753,6.0,29.70
B 2480,HD 81755,7.0,20.96
B 2481,HD 81720,7.0,12.79
B 2482,HD 81780,6.0,12.81
B 2484,HD 81613,6.0,14.33
B 2485,HD 81613,6.0,6.43
B 2487,HD 81720,6.0,19.49
B 2488,HD 81783,7.5,16.99
B 2489,HD 81841,7.0,15.59
B 2490,HD 81825,7.0,10.24
B 2491,HD 79837,5.0,7.56
B 2492,HD 81803,7.0,21.15
B 2493,HD 81919,6.0,28.52
B 2494,HD 81847,6.0,31.59
B 2495,HD 81848,6.0,23.45
B 2496,HD 81921,6.5,12.09
B 2497,HD 81946,7.5,18.32
B 2498,HD 81830,6.0,12.50
B 2499,HD 81949,7.0,15.78
B 2500,HD 82004,8.0,70.24
B 2501,HD 81485,7.0,19.44
B 2503,HD 81990,7.0,15.02
B 2504,HD 82150,6.0,39.81
B 2505,HD 82109,7.0,22.00
B 2507,HD 82121,7.0,18.18
B 2508,HD 82151,7.5,4.41
B 2509,HD 82101,6.5,25.72
B 2511,HD 82207,8.0,21.11
B 2512,HD 82241,8.0,23.09
B 2513,HD 82068,5.0,11.65
B 2514,HD 82320,7.0,4.79
B 2515,HD 82384,6.0,20.26
B 2516,HD 82297,7.0,11.72
B 2517,HD 81103,8.0,32.95
B 2518,HD 82325,8.0,29.55
B 2519,HD 82434,4.0,28.81
B 2520,HD 82436,7.0,16.33
B 2521,HD 82513,6.0,35.18
B 2522,HD 82377,8.0,0.91
B 2523,HD 82419,6.0,18.47
B 2524,HD 82347,6.0,15.22
B 2526,HD 82627,7.0,37.73
B 2527,HD 82578,7.0,22.84
B 2529,HD 82406,6.0,8.19
B 2530,HD 82468,6.5,13.24
B 2531,HD 82350,6.0,9.56
B 2532,HD 82694,6.0,23.10
B 2533,HD 82347,6.0,7.10
B 2534,HD 82695,7.0,29.88
B 2535,HD 82668,5.0,19.16
B 2536,HD 82729,8.0,30.72
B 2537,HD 82458,6.0,33.62
B 2538,HD 82468,6.0,5.81
B 2539,HD 82764,7.0,12.70
B 2540,HD 82850,8.0,27.09
B 2541,HD 82829,8.0,37.29
B 2542,HD 82856,7.0,11.96
B 2543,HD 82875,8.0,27.56
B 2544,HD 82965,7.0,28.89
B 2545,HD 82919,7.0,13.08
B 2546,HD 82984,6.0,20.79
B 2547,HD 82986,7.0,33.80
B 2548,HD 82764,7.0,23.63
B 2549,HD 83078,7.0,35.01
B 2550,HD 82920,7.0,6.17
B 2551,HD 82901,6.5,20.05
B 2552,HD 82423,7.0,9.03
B 2553,HD 83240,5.5,23.63
B 2554,HD 82858,6.0,14.39
B 2555,HD 83058,6.0,19.13
B 2556,HD 83169,7.0,3.09
B 2557,HD 83196,7.0,22.87
B 2558,HD 83169,7.0,24.76
B 2559,HD 83169,8.0,8.84
B 2561,HD 83170,7.5,14.06
B 2562,HD 83111,7.0,18.00
B 2563,HD 83247,7.0,14.39
B 2564,HD 83280,8.0,25.27
B 2565,HD 83183,5.0,13.26
B 2566,HD 83380,6.0,36.17
B 2567,HD 83379,7.0,3.96
B 2568,HD 82554,6.0,3.44
B 2569,HD 83414,7.0,29.86
B 2570,HD 83368,6.0,22.08
B 2571,HD 82025,8.0,25.79
B 2572,HD 83441,6.5,16.48
B 2573,HD 83095,6.0,7.56
B 2574,HD 83387,7.0,16.18
B 2575,HD 83297,7.0,16.93
B 2576,HD 83138,8.0,9.07
B 2577,HD 83446,6.0,14.88
B 2578,HD 83139,8.0,14.09
B 2579,HD 83548,6.0,19.49
B 2581,HD 83520,6.0,19.01
B 2582,HD 83488,8.0,15.48
B 2583,HD 83610,7.0,19.76
B 2584,HD 83477,7.0,21.36
B 2585,HD 83596,7.5,25.97
B 2587,HD 83674,8.0,57.23
B 2588,HD 83523,7.0,9.50
B 2589,HD 82370,8.0,15.04
B 2590,HD 83706,8.0,10.21
B 2591,HD 83655,7.5,18.31
B 2592,HD 83719,7.5,9.32
B 2593,HD 83826,7.0,27.83
B 2594,HD 83849,7.5,24.38
B 2595,HD 83852,7.0,20.38
B 2596,HD 83853,7.0,18.95
B 2597,HD 83879,7.5,15.07
B 2598,HD 83865,7.0,15.23
B 2599,HD 83866,7.0,17.03
B 2600,HD 83802,8.0,14.05
B 2601,HD 84042,7.0,5.22
B 2602,HD 83834,6.5,14.21
B 2603,HD 84085,7.0,33.21
B 2604,HD 83185,8.0,12.63
B 2605,HD 83237,8.0,20.04
B 2606,HD 84068,8.0,18.77
B 2607,HD 83944,6.0,15.54
B 2608,HD 83919,6.5,13.62
B 2609,HD 84137,8.0,18.55
B 2610,HD 84172,8.0,20.07
B 2611,HD 84046,6.0,13.71
B 2612,HD 84201,8.0,45.22
B 2613,HD 84101,6.5,31.75
B 2614,HD 84224,6.5,18.02
B 2615,HD 84121,6.0,6.67
B 2617,HD 84174,8.0,6.23
B 2618,HD 84493,7.0,31.35
B 2619,HD 84244,7.5,20.41
B 2621,HD 84712,7.0,24.62
B 2623,HD 84227,7.0,17.59
B 2625,HD 84228,6.0,3.53
B 2626,HD 84046,6.0,15.42
B 2627,HD 84305,8.0,12.59
B 2628,HD 84367,6.0,26.07
B 2629,HD 84354,8.0,19.23
B 2632,HD 84261,6.5,8.28
B 2633,HD 84400,6.0,24.65
B 2635,HD 83726,9.0,24.67
B 2636,HD 84567,6.0,2.64
B 2637,HD 84461,6.0,23.52
B 2638,HD 84493,7.5,19.24
B 2639,HD 84462,7.5,18.74
B 2640,HD 84523,8.0,24.94
B 2641,HD 84552,7.0,19.76
B 2642,HD 84583,7.5,14.81
B 2643,HD 84534,8.0,22.43
B 2645,HD 84598,7.5,22.92
B 2646,HD 84709,7.0,17.39
B 2647,HD 84627,8.5,4.41
B 2648,HD 83979,6.0,5.94
B 2649,HD 84712,7.0,42.61
B 2651,HD 84742,8.0,29.33
B 2653,HD 84676,7.0,18.32
B 2654,HD 84688,7.0,18.13
B 2655,HD 84774,6.0,30.00
B 2656,HD 84824,7.0,25.86
B 2657,HD 84805,7.0,37.14
B 2658,HD 84826,7.0,17.88
B 2659,HD 84816,6.0,20.56
B 2660,HD 84809,6.0,20.03
B 2661,HD 84808,8.0,35.36
B 2662,HD 84860,7.5,23.15
B 2663,HD 84631,7.0,10.90
B 2664,HD 84810,5.0,14.48
B 2665,HD 84850,6.0,20.62
B 2666,HD 84631,7.0,19.02
B 2667,HD 84863,8.0,27.41
B 2668,HD 84864,7.0,23.04
B 2669,HD 84991,7.0,25.11
B 2670,HD 84908,8.0,23.52
B 2673,HD 85037,6.5,13.85
B 2674,HD 85025,8.0,37.05
B 2675,HD 85103,7.5,15.58
B 2677,HD 85026,7.5,15.61
B 2679,HD 85209,6.0,14.16
B 2680,HD 85154,7.5,21.89
B 2681,HD 85296,5.0,22.81
B 2682,HD 85123,3.0,10.16
B 2683,HD 85230,7.0,17.31
B 2684,HD 85323,7.0,30.47
B 2685,HD 84525,9.0,18.70
B 2686,HD 85250,6.0,22.24
B 2687,HD 85387,7.0,18.03
B 2688,HD 85355,6.0,37.46
B 2689,HD 85449,7.0,26.53
B 2690,HD 85313,7.0,23.31
B 2691,HD 85411,8.0,23.93
B 2692,HD 85409,7.0,8.54
B 2693,HD 84698,7.0,15.64
B 2694,HD 85453,8.0,32.31
B 2695,HD 85436,8.0,10.34
B 2696,HD 85483,6.0,25.79
B 2697,HD 85394,7.5,3.88
B 2698,HD 85455,7.0,10.17
B 2699,HD 85469,7.5,19.09
B 2700,HD 85195,7.0,13.23
B 2701,HD 85424,8.0,6.60
B 2702,HD 85563,6.0,19.84
B 2703,HD 85604,7.0,8.19
B 2704,HD 85622,5.5,2.08
B 2705,HD 85725,6.0,26.64
B 2706,HD 85596,7.0,7.41
B 2707,HD 85666,7.0,13.90
B 2708,HD 85683,7.0,12.55
B 2709,HD 85655,6.0,8.60
B 2710,HD 85656,6.0,18.18
B 2711,HD 85396,6.0,9.65
B 2712,HD 85860,7.0,21.97
B 2715,HD 85859,6.0,35.06
B 2716,HD 85861,7.0,24.34
B 2717,HD 85806,8.0,10.66
B 2718,HD 85863,7.0,20.26
B 2719,HD 85888,7.0,57.37
B 2720,HD 86002,7.5,21.25
B 2721,HD 85810,7.0,11.73
B 2722,HD 85871,6.0,13.38
B 2723,HD 85980,6.0,26.30
B 2724,HD 85953,6.0,20.97
B 2725,HD 86048,7.0,21.21
B 2726,HD 85997,7.0,13.30
B 2727,HD 86049,7.0,12.65
B 2728,HD 85643,6.5,4.71
B 2729,HD 86000,8.0,13.66
B 2730,HD 85956,7.0,12.82
B 2731,HD 86110,7.0,16.77
B 2732,HD 86087,6.0,19.67
B 2733,HD 86193,6.0,31.05
B 2734,HD 86115,8.0,17.46
B 2735,HD 86125,8.0,9.90
B 2736,HD 86076,7.0,7.64
B 2737,HD 86118,6.5,14.49
B 2738,HD 86267,6.0,33.19
B 2739,HD 86301,6.5,24.48
B 2740,HD 86182,6.0,7.87
B 2741,HD 86303,7.5,21.57
B 2742,HD 86347,7.0,25.67
B 2743,HD 86076,7.0,33.11
B 2744,HD 86289,7.0,12.08
B 2745,HD 86352,6.0,10.65
B 2746,HD 86319,7.0,13.91
B 2747,HD 86463,7.0,39.27
B 2748,HD 86410,8.0,23.82
B 2749,HD 86403,8.0,44.42
B 2750,HD 86427,7.0,22.52
B 2751,HD 86439,7.0,14.10
B 2752,HD 86440,4.0,19.71
B 2753,HD 86453,7.0,21.56
B 2754,HD 86466,6.0,14.62
B 2755,HD 86564,7.0,29.95
B 2756,HD 85901,7.5,43.96
B 2757,HD 86663,7.0,20.82
B 2758,HD 86523,6.0,18.72
B 2759,HD 86629,6.0,18.07
B 2760,HD 86388,7.0,13.44
B 2761,HD 86404,8.0,12.36
B 2762,HD 86630,7.5,17.32
B 2763,HD 86572,7.0,13.68
B 2765,HD 86655,7.5,20.24
B 2767,HD 86675,7.0,15.01
B 2769,HD 86703,7.0,16.00
B 2770,HD 86659,6.5,10.27
B 2771,HD 86878,8.0,53.15
B 2772,HD 86320,6.0,1.19
B 2773,HD 86823,7.0,12.71
B 2774,HD 86836,6.0,6.21
B 2775,HD 87024,8.0,15.52
B 2776,HD 86836,7.0,22.41
B 2777,HD 86992,7.0,13.69
B 2778,HD 86868,7.0,10.54
B 2780,HD 87012,8.0,13.85
B 2781,HD 87024,8.0,22.25
B 2782,HD 87099,6.5,24.78
B 2783,HD 87026,6.0,19.90
B 2784,HD 86982,7.0,8.89
B 2785,HD 86997,7.5,13.60
B 2786,HD 87030,7.0,21.29
B 2787,HD 87013,7.5,32.74
B 2788,HD 87199,7.0,20.68
B 2789,HD 87122,6.0,23.54
B 2790,HD 87152,6.0,15.71
B 2791,HD 87109,7.0,4.96
B 2793,HD 87137,8.0,27.03
B 2794,HD 87303,7.0,37.10
B 2795,HD 87319,7.0,20.82
B 2796,HD 87221,7.0,11.55
B 2797,HD 87089,7.0,1.91
B 2798,HD 87265,7.5,17.81
B 2799,HD 87423,7.0,24.93
B 2800,HD 87254,7.0,10.81
B 2801,HD 87238,6.0,24.36
B 2802,HD 87241,7.5,7.87
B 2804,HD 87090,7.0,21.94
B 2805,HD 87363,6.0,17.09
B 2806,HD 87283,6.0,13.93
B 2807,HD 87364,7.0,10.02
B 2808,HD 87323,7.0,19.90
B 2809,HD 87488,7.0,52.67
B 2810,HD 87402,8.0,26.51
B 2811,HD 86660,8.0,23.96
B 2812,HD 87419,8.0,34.63
B 2813,HD 87556,7.0,23.79
B 2814,HD 87436,6.0,15.34
B 2815,HD 87436,6.5,13.54
B 2816,HD 87438,6.5,12.02
B 2817,HD 87492,8.0,8.64
B 2818,HD 87540,6.5,19.24
B 2819,HD 87606,7.0,23.21
B 2820,HD 87472,8.0,17.92
B 2821,HD 87639,6.0,26.94
B 2822,HD 87638,7.0,28.52
B 2823,HD 87660,6.0,31.46
B 2825,HD 87627,6.0,26.12
B 2826,HD 87541,8.0,43.96
B 2827,HD 87526,7.0,9.95
B 2828,HD 87641,8.0,4.50
B 2829,HD 87527,8.0,43.56
B 2830,HD 87660,6.0,14.44
B 2831,HD 87543,6.0,14.84
B 2833,HD 87642,7.0,21.69
B 2834,HD 87652,6.0,18.69
B 2835,HD 87653,7.0,6.85
B 2836,HD 87837,5.0,19.44
B 2837,HD 87700,6.5,15.25
B 2838,HD 87901,1.0,11.75
B 2839,HD 87711,8.0,19.29
B 2840,HD 87816,7.0,17.23
B 2841,HD 87800,8.0,24.54
B 2842,HD 87833,8.0,35.64
B 2843,HD 87832,8.0,45.92
B 2844,HD 87910,7.0,12.25
B 2845,HD 88013,7.0,16.48
B 2846,HD 87368,8.0,13.17
B 2847,HD 87966,6.0,11.56
B 2848,HD 87896,7.0,15.36
B 2849,HD 88015,6.5,19.39
B 2850,HD 88050,7.0,20.96
B 2851,HD 87986,8.0,9.43
B 2852,HD 87969,7.0,33.49
B 2853,HD 88069,8.0,8.42
B 2854,HD 88092,7.5,18.72
B 2855,HD 88201,7.0,10.65
B 2856,HD 88093,8.0,23.49
B 2857,HD 88218,7.0,36.55
B 2858,HD 88103,8.0,23.26
B 2859,HD 88223,6.5,20.46
B 2860,HD 88206,6.0,20.03
B 2861,HD 88176,6.5,11.88
B 2862,HD 88158,6.5,21.25
B 2864,HD 88292,6.5,18.26
B 2865,HD 88398,7.0,29.45
B 2866,HD 88382,6.5,23.34
B 2867,HD 88307,7.0,4.89
B 2869,HD 88189,6.0,12.40
B 2870,HD 88322,6.0,21.69
B 2871,HD 88323,6.0,9.03
B 2872,HD 88524,7.0,30.17
B 2873,HD 88522,7.0,30.76
B 2874,HD 88539,7.0,32.71
B 2875,HD 88421,8.0,24.42
B 2876,HD 88568,7.0,18.31
B 2877,HD 88643,7.0,20.29
B 2878,HD 88542,8.0,7.94
B 2879,HD 88603,7.5,4.23
B 2880,HD 87971,6.0,1.10
B 2881,HD 88699,7.0,18.20
B 2883,HD 88571,8.0,13.98
B 2884,HD 88647,6.0,33.94
B 2885,HD 88660,7.0,12.45
B 2886,HD 88624,7.0,8.50
B 2887,HD 88661,6.0,15.21
B 2888,HD 88742,6.0,25.83
B 2889,HD 88688,8.0,28.19
B 2890,HD 88755,7.0,19.68
B 2891,HD 88695,7.0,16.41
B 2892,HD 88809,6.0,33.21
B 2893,HD 88733,8.0,24.68
B 2894,HD 88836,6.0,32.93
B 2895,HD 88824,6.0,21.63
B 2896,HD 88842,6.0,20.18
B 2897,HD 88875,8.0,28.02
B 2898,HD 88905,7.0,16.47
B 2899,HD 88825,6.0,17.42
B 2900,HD 88862,6.0,8.83
B 2901,HD 88351,6.0,6.44
B 2902,HD 88784,7.0,6.66
B 2903,HD 88844,8.5,25.37
B 2904,HD 88955,4.0,37.10
B 2905,HD 88827,7.5,17.98
B 2906,HD 88966,7.0,20.78
B 2908,HD 88945,7.5,33.36
B 2909,HD 88907,6.5,18.58
B 2910,HD 89015,7.0,15.04
B 2911,HD 88978,7.0,16.83
B 2912,HD 88970,8.0,8.46
B 2913,HD 89007,7.5,5.21
B 2914,HD 89062,6.0,27.19
B 2915,HD 89029,8.0,30.44
B 2916,HD 89029,8.0,9.72
B 2917,HD 89094,8.0,18.20
B 2918,HD 88981,6.0,11.13
B 2919,HD 89171,7.5,23.87
B 2920,HD 89104,6.5,42.59
B 2921,HD 89157,7.0,27.76
B 2922,HD 89094,8.0,39.58
B 2923,HD 89158,7.5,16.72
B 2924,HD 89080,4.0,14.55
B 2925,HD 89201,7.5,18.35
B 2926,HD 89263,6.0,40.81
B 2927,HD 89353,6.0,33.37
B 2928,HD 89328,7.0,27.10
B 2930,HD 89081,7.5,20.06
B 2931,HD 89371,7.5,14.92
B 2932,HD 89442,7.0,9.39
B 2933,HD 89461,6.0,34.35
B 2934,HD 89427,8.0,28.12
B 2935,HD 89388,5.0,16.66
B 2936,HD 89528,6.5,28.15
B 2937,HD 89532,7.0,10.01
B 2938,HD 89533,8.0,27.89
B 2939,HD 89569,7.0,20.66
B 2940,HD 89540,8.0,15.28
B 2941,HD 89587,7.0,18.24
B 2942,HD 89611,7.5,22.79
B 2943,HD 89569,6.5,12.46
B 2944,HD 89588,7.5,29.27
B 2945,HD 89672,7.0,38.95
B 2946,HD 89613,7.0,16.52
B 2947,HD 89613,7.0,42.75
B 2948,HD 89709,7.0,14.39
B 2949,HD 89681,6.5,24.39
B 2950,HD 88948,6.0,20.33
B 2952,HD 89682,6.0,16.55
B 2953,HD 89647,8.0,17.46
B 2954,HD 89736,6.0,25.87
B 2955,HD 89715,6.0,7.26
B 2956,HD 89796,7.0,23.24
B 2957,HD 89613,7.0,9.03
B 2958,HD 89683,8.0,14.01
B 2959,HD 89756,7.0,30.64
B 2960,HD 89829,7.0,21.84
B 2961,HD 89403,7.5,15.30
B 2962,HD 89715,6.0,17.55
B 2963,HD 89800,6.5,17.72
B 2965,HD 89804,7.0,73.13
B 2966,HD 89803,7.0,15.15
B 2967,HD 89820,8.0,29.57
B 2968,HD 89844,7.0,19.59
B 2969,HD 89498,8.0,19.88
B 2970,HD 89948,7.0,23.48
B 2971,HD 89874,7.0,10.77
B 2972,HD 89890,5.0,14.72
B 2974,HD 89998,5.0,20.58
B 2975,HD 89925,7.5,13.44
B 2976,HD 89987,8.0,14.63
B 2977,HD 90087,7.0,22.04
B 2978,HD 90071,6.0,35.15
B 2979,HD 90156,6.0,15.92
B 2980,HD 90132,6.0,18.41
B 2981,HD 90156,6.0,27.38
B 2982,HD 90067,8.0,26.42
B 2983,HD 90082,7.0,17.50
B 2985,HD 90087,7.0,10.74
B 2986,HD 90082,7.0,10.34
B 2987,HD 90201,8.0,21.74
B 2988,HD 90151,7.0,17.79
B 2989,HD 90258,8.0,18.55
B 2990,HD 90074,7.0,17.29
B 2991,HD 90219,7.5,4.62
B 2992,HD 90366,7.0,33.77
B 2993,HD 90289,6.5,13.54
B 2994,HD 90274,7.0,13.45
B 2995,HD 90312,8.0,12.17
B 2996,HD 90246,7.0,4.78
B 2997,HD 90313,7.0,20.89
B 2998,HD 90301,8.0,14.33
B 2999,HD 90264,6.0,15.91
B 3000,HD 90393,6.5,27.69
B 3001,HD 90371,7.0,20.55
B 3002,HD 90412,6.5,25.26
B 3003,HD 90382,7.0,9.30
B 3004,HD 90398,7.0,17.22
B 3005,HD 90341,8.0,16.71
B 3006,HD 90355,8.0,1.76
B 3007,HD 90454,6.0,12.50
B 3008,HD 90549,7.0,33.20
B 3009,HD 90490,6.5,19.64
B 3010,HD 90533,7.0,18.40
B 3011,HD 90610,5.0,22.63
B 3012,HD 90456,7.0,14.57
B 3013,HD 90586,6.5,14.37
B 3014,HD 90611,7.0,32.58
B 3015,HD 90579,8.0,12.27
B 3016,HD 90673,8.0,5.44
B 3017,HD 90677,6.0,16.89
B 3018,HD 90740,7.0,17.51
B 3019,HD 90706,7.5,17.09
B 3021,HD 90797,7.0,18.58
B 3022,HD 90798,6.5,14.99
B 3023,HD 90772,6.0,16.70
B 3024,HD 90874,5.0,20.17
B 3025,HD 90589,5.0,8.02
B 3026,HD 90774,7.0,7.36
B 3027,HD 90630,6.0,12.59
B 3028,HD 90630,6.0,2.61
B 3029,HD 90917,7.0,28.29
B 3030,HD 90957,6.0,37.87
B 3031,HD 90853,6.0,17.83
B 3032,HD 90972,6.0,15.39
B 3033,HD 90912,8.0,32.60
B 3034,HD 90874,6.0,15.43
B 3036,HD 91024,7.0,24.59
B 3037,HD 91135,7.0,21.81
B 3038,HD 91054,7.5,17.30
B 3040,HD 91026,8.0,19.54
B 3041,HD 91026,8.5,13.15
B 3043,HD 91125,6.0,17.87
B 3044,HD 91094,6.0,15.28
B 3045,HD 91214,7.0,22.13
B 3046,HD 91316,4.0,36.55
B 3049,HD 91249,7.0,21.70
B 3050,HD 91201,7.5,20.93
B 3051,HD 91252,8.0,36.94
B 3052,HD 91323,7.5,31.40
B 3053,HD 91256,6.0,10.50
B 3054,HD 90981,7.0,20.17
B 3055,HD 91269,7.5,9.12
B 3056,HD 91323,7.0,24.03
B 3057,HD 91270,7.0,22.56
B 3058,HD 91356,6.0,36.30
B 3059,HD 91356,7.0,17.63
B 3060,HD 91295,8.5,22.48
B 3061,HD 91294,7.0,35.23
B 3062,HD 91324,6.0,22.88
B 3064,HD 91437,6.5,26.47
B 3065,HD 91461,7.5,21.91
B 3067,HD 91507,8.0,27.95
B 3068,HD 91326,6.0,17.33
B 3069,HD 91504,6.0,17.16
B 3070,HD 91551,6.5,33.31
B 3071,HD 91538,7.0,20.53
B 3072,HD 91465,4.0,15.13
B 3073,HD 91494,8.0,57.92
B 3074,HD 91375,6.0,8.68
B 3075,HD 91507,7.5,12.18
B 3076,HD 91533,6.0,88.54
B 3077,HD 91590,6.0,30.04
B 3078,HD 91619,6.0,18.66
B 3079,HD 91645,7.0,27.70
B 3080,HD 91573,7.0,11.33
B 3082,HD 91596,8.0,30.71
B 3083,HD 91496,6.0,12.87
B 3084,HD 91629,7.0,11.72
B 3085,HD 91793,6.0,26.26
B 3086,HD 91601,8.5,9.53
B 3087,HD 91795,7.0,14.97
B 3088,HD 91698,7.0,15.18
B 3089,HD 91767,6.0,20.50
B 3091,HD 91882,8.0,21.04
B 3092,HD 91826,8.0,16.48
B 3093,HD 91869,7.0,7.77
B 3094,HD 91955,7.0,23.40
B 3095,HD 91964,7.0,14.30
B 3096,HD 91904,7.0,16.03
B 3097,HD 91965,7.0,15.52
B 3098,HD 91839,8.0,8.37
B 3099,HD 91942,6.0,15.24
B 3100,HD 91942,6.0,5.59
B 3101,HD 91906,7.0,17.32
B 3102,HD 92036,6.0,81.79
B 3105,HD 91943,7.0,22.26
B 3106,HD 92056,7.0,20.29
B 3108,HD 92040,7.5,15.96
B 3109,HD 92025,8.0,9.60
B 3110,HD 92136,7.0,30.34
B 3111,HD 92137,7.5,32.61
B 3112,HD 92063,6.0,14.78
B 3113,HD 92066,7.5,27.24
B 3114,HD 92139,5.0,34.30
B 3116,HD 92072,7.0,5.86
B 3117,HD 92087,7.0,5.46
B 3118,HD 92088,8.0,9.66
B 3119,HD 92155,7.0,12.91
B 3120,HD 92206,8.0,5.48
B 3121,HD 92207,6.0,14.85
B 3122,HD 92328,6.5,26.07
B 3123,HD 92287,6.0,10.73
B 3124,HD 92363,7.0,29.57
B 3125,HD 92335,7.0,15.55
B 3126,HD 92399,7.0,7.89
B 3127,HD 92397,6.0,13.35
B 3128,HD 92399,6.5,11.92
B 3129,HD 92421,8.0,22.07
B 3130,HD 92209,6.0,4.06
B 3131,HD 92316,8.0,15.01
B 3132,HD 92385,6.0,7.21
B 3133,HD 92436,6.0,14.94
B 3134,HD 92421,8.0,4.38
B 3135,HD 92449,6.0,22.55
B 3136,HD 92463,7.0,9.61
B 3137,HD 92029,6.0,3.91
B 3138,HD 92467,6.0,37.56
B 3139,HD 92550,7.5,19.23
B 3140,HD 92518,7.0,12.74
B 3141,HD 92589,7.0,33.52
B 3142,HD 92506,7.5,19.14
B 3143,HD 92505,7.0,25.18
B 3144,HD 92091,7.0,22.49
B 3145,HD 92536,6.5,16.79
B 3146,HD 92305,5.0,4.70
B 3147,HD 92479,7.0,8.45
B 3148,HD 92678,7.0,37.54
B 3149,HD 92607,8.0,16.73
B 3150,HD 92607,7.0,10.77
B 3151,HD 92643,8.0,16.73
B 3152,HD 92662,7.0,13.02
B 3153,HD 92536,6.5,19.79
B 3155,HD 92794,7.0,18.89
B 3156,HD 92664,6.0,14.06
B 3157,HD 92712,8.0,17.14
B 3158,HD 92725,8.0,21.62
B 3159,HD 92741,6.5,5.67
B 3160,HD 92715,6.5,2.05
B 3161,HD 92845,6.0,31.04
B 3162,HD 92740,6.0,13.50
B 3163,HD 92847,7.0,17.97
B 3164,HD 92783,6.5,7.71
B 3166,HD 92665,6.0,3.90
B 3167,HD 92784,8.0,8.25
B 3168,HD 92736,7.0,7.16
B 3169,HD 92934,7.0,19.87
B 3170,HD 92682,6.0,0.32
B 3171,HD 92837,7.0,23.78
B 3172,HD 92987,7.0,12.61
B 3173,HD 92936,7.0,19.57
B 3174,HD 92964,6.0,23.47
B 3175,HD 92964,6.0,13.84
B 3176,HD 92938,6.0,14.33
B 3177,HD 92964,6.0,34.08
B 3178,HD 92966,7.0,14.16
B 3179,HD 93066,8.0,40.79
B 3180,HD 93003,7.0,23.19
B 3182,HD 93105,7.0,26.65
B 3183,HD 93122,7.0,38.18
B 3184,HD 93030,3.0,16.66
B 3186,HD 93127,7.0,17.94
B 3188,HD 93128,7.0,22.93
B 3189,HD 93098,7.5,14.37
B 3191,HD 93162,8.0,20.44
B 3192,HD 93163,6.5,12.39
B 3193,HD 93206,7.0,6.39
B 3194,HD 93205,8.0,27.61
B 3195,HD 93194,6.0,16.33
B 3197,HD 93336,7.0,21.41
B 3198,HD 93308,2.0,14.79
B 3199,HD 93339,7.0,15.86
B 3200,HD 93410,6.0,28.00
B 3202,HD 93403,7.5,23.47
B 3203,HD 93344,6.0,17.61
B 3204,HD 93420,7.5,12.57
B 3206,HD 93497,3.0,12.17
B 3207,HD 93469,7.0,26.95
B 3208,HD 93502,6.0,22.83
B 3209,HD 93484,7.0,21.10
B 3210,HD 93517,8.0,16.50
B 3211,HD 93563,6.0,22.91
B 3213,HD 93540,6.5,14.71
B 3214,HD 93539,7.0,3.61
B 3215,HD 93549,6.0,16.59
B 3216,HD 93549,6.0,15.82
B 3217,HD 93619,7.0,12.08
B 3218,HD 93632,8.0,27.29
B 3219,HD 93607,6.5,10.85
B 3220,HD 93662,7.0,23.88
B 3221,HD 93731,7.0,27.02
B 3222,HD 93648,8.0,14.62
B 3224,HD 93683,7.0,4.41
B 3225,HD 93695,6.5,7.13
B 3226,HD 93649,6.0,34.36
B 3227,HD 93773,6.5,22.64
B 3228,HD 93723,8.0,34.98
B 3229,HD 93737,6.5,11.15
B 3230,HD 93714,6.0,4.08
B 3232,HD 93738,6.0,15.01
B 3233,HD 93807,7.0,18.90
B 3234,HD 93850,6.5,5.94
B 3235,HD 93739,7.0,20.13
B 3236,HD 93843,7.5,17.58
B 3237,HD 93905,6.0,20.65
B 3238,HD 93873,7.5,14.34
B 3239,HD 93943,6.0,13.26
B 3240,HD 93913,7.5,16.69
B 3241,HD 93958,9.0,11.14
B 3242,HD 94096,8.0,16.64
B 3243,HD 93779,5.0,6.84
B 3244,HD 94096,8.5,17.83
B 3245,HD 94097,7.5,21.81
B 3246,HD 94066,8.0,15.87
B 3247,HD 93845,5.0,8.83
B 3248,HD 94173,7.0,15.71
B 3249,HD 94243,7.0,19.22
B 3250,HD 94174,8.0,7.60
B 3251,HD 94230,7.5,18.92
B 3252,HD 94173,7.5,19.26
B 3253,HD 94275,6.5,14.63
B 3254,HD 94286,6.5,17.80
B 3255,HD 94286,6.0,12.51
B 3256,HD 94326,7.5,26.20
B 3257,HD 94304,7.0,32.99
B 3258,HD 94366,7.0,2.74
B 3259,HD 94289,7.5,14.24
B 3260,HD 94376,8.0,13.41
B 3261,HD 94290,7.0,2.38
B 3262,HD 94369,7.0,24.75
B 3263,HD 94367,6.0,6.61
B 3264,HD 94289,8.0,31.18
B 3265,HD 94461,7.0,29.57
B 3266,HD 94443,8.0,17.16
B 3267,HD 94473,7.0,28.00
B 3268,HD 94504,7.0,32.89
B 3269,HD 94422,8.0,19.66
B 3270,HD 94448,7.0,18.57
B 3272,HD 94491,7.0,11.78
B 3273,HD 94466,7.5,12.98
B 3274,HD 94510,5.0,10.57
B 3275,HD 94510,6.0,7.86
B 3276,HD 94510,8.0,58.35
B 3277,HD 94556,8.0,19.85
B 3278,HD 94565,6.0,31.91
B 3279,HD 94598,8.0,11.72
B 3280,HD 94454,6.0,16.26
B 3281,HD 94645,7.0,30.44
B 3282,HD 94613,7.0,13.83
B 3283,HD 94644,7.0,11.65
B 3284,HD 94724,7.0,21.27
B 3285,HD 94741,7.0,34.61
B 3286,HD 94683,6.5,17.64
B 3287,HD 94731,7.0,22.75
B 3288,HD 94650,6.0,3.45
B 3289,HD 94758,7.0,22.88
B 3290,HD 94455,8.0,20.51
B 3291,HD 94776,6.0,15.90
B 3292,HD 94840,7.5,17.28
B 3293,HD 94890,6.0,26.81
B 3294,HD 94898,7.0,18.08
B 3296,HD 94910,6.5,12.16
B 3297,HD 94995,7.5,26.39
B 3298,HD 94717,6.0,5.43
B 3299,HD 94963,7.0,16.05
B 3300,HD 95027,7.0,21.65
B 3301,HD 95078,8.0,48.22
B 3303,HD 95083,8.0,32.77
B 3304,HD 94964,8.0,17.38
B 3305,HD 95149,7.0,17.77
B 3306,HD 94964,8.0,19.00
B 3307,HD 95109,6.5,21.43
B 3308,HD 95119,7.0,18.04
B 3309,HD 95198,7.0,15.23
B 3310,HD 95086,7.0,12.57
B 3311,HD 94964,8.0,5.96
B 3312,HD 95221,6.0,32.45
B 3313,HD 95184,8.0,24.16
B 3314,HD 95122,6.0,1.63
B 3316,HD 95202,7.5,16.81
B 3317,HD 95263,7.0,17.10
B 3318,HD 95300,7.0,11.56
B 3319,HD 95290,7.5,17.42
B 3320,HD 95207,8.0,7.60
B 3321,HD 95347,6.0,33.28
B 3322,HD 95122,6.5,7.17
B 3323,HD 95370,6.0,30.11
B 3324,HD 95324,6.5,14.60
B 3325,HD 95376,7.0,16.94
B 3326,HD 95376,7.5,16.19
B 3327,HD 95208,6.5,8.15
B 3328,HD 95456,6.0,24.13
B 3329,HD 95429,6.5,20.05
B 3330,HD 95393,7.0,13.16
B 3331,HD 95506,7.0,31.48
B 3333,HD 95492,7.5,23.20
B 3334,HD 95509,6.5,18.28
B 3335,HD 95495,7.0,33.29
B 3336,HD 95534,6.5,11.76
B 3337,HD 95540,8.0,14.08
B 3338,HD 95588,8.0,17.72
B 3339,HD 95543,8.0,17.94
B 3340,HD 95698,6.0,34.18
B 3341,HD 95633,7.5,16.89
B 3342,HD 95635,8.0,9.43
B 3343,HD 95699,7.0,6.67
B 3344,HD 95588,8.0,23.27
B 3345,HD 95687,7.0,10.51
B 3346,HD 95707,7.5,10.66
B 3347,HD 95748,8.0,3.67
B 3348,HD 95855,7.0,28.43
B 3349,HD 95779,8.0,16.78
B 3350,HD 95857,6.0,21.07
B 3351,HD 95826,8.0,33.38
B 3352,HD 95840,7.0,7.94
B 3353,HD 95879,8.0,19.87
B 3354,HD 95963,7.0,25.24
B 3355,HD 95602,8.0,18.99
B 3356,HD 95933,7.0,23.71
B 3357,HD 95933,7.0,23.19
B 3358,HD 95931,8.0,33.28
B 3359,HD 95950,7.0,14.70
B 3360,HD 95971,8.0,32.39
B 3361,HD 96008,6.5,19.13
B 3362,HD 96054,7.0,14.89
B 3363,HD 96021,7.0,16.60
B 3364,HD 95894,7.0,5.69
B 3365,HD 96067,7.0,33.57
B 3366,HD 95994,8.0,19.40
B 3367,HD 95883,7.5,13.59
B 3368,HD 96068,6.0,17.27
B 3369,HD 96059,8.0,23.32
B 3370,HD 96088,6.5,11.94
B 3371,HD 96113,6.0,37.75
B 3372,HD 96146,6.0,24.93
B 3373,HD 96135,7.0,8.78
B 3374,HD 96187,7.0,30.64
B 3375,HD 96135,8.0,6.38
B 3376,HD 96202,5.0,32.33
B 3378,HD 96044,6.5,11.23
B 3379,HD 96193,7.5,10.97
B 3380,HD 96143,7.0,7.06
B 3382,HD 96314,5.0,26.61
B 3383,HD 96092,7.5,14.20
B 3384,HD 96302,8.0,54.20
B 3385,HD 96264,7.5,11.42
B 3386,HD 96348,7.0,20.52
B 3387,HD 96338,6.0,35.27
B 3388,HD 96287,7.0,12.00
B 3389,HD 96441,6.0,34.92
B 3390,HD 96407,5.0,18.47
B 3391,HD 96504,7.0,25.36
B 3392,HD 96445,8.0,13.88
B 3393,HD 96484,6.5,24.75
B 3394,HD 96507,7.0,1.98
B 3395,HD 96492,8.0,15.79
B 3397,HD 96507,7.0,4.91
B 3398,HD 96538,7.0,13.10
B 3399,HD 96544,6.0,25.64
B 3400,HD 96616,6.0,18.32
B 3401,HD 96548,7.0,12.07
B 3402,HD 96566,6.0,11.15
B 3403,HD 96451,7.0,6.27
B 3404,HD 96568,6.0,8.76
B 3405,HD 96700,6.5,32.25
B 3407,HD 96660,6.0,19.79
B 3408,HD 96723,6.5,27.56
B 3409,HD 96124,6.0,16.55
B 3410,HD 96802,6.5,28.93
B 3411,HD 96829,7.5,21.39
B 3412,HD 96805,6.0,27.87
B 3414,HD 96675,8.0,16.48
B 3415,HD 96829,7.5,15.06
B 3416,HD 96918,6.0,15.63
B 3417,HD 96917,6.0,7.15
B 3418,HD 96883,8.0,13.14
B 3419,HD 96919,6.0,14.37
B 3420,HD 96920,8.0,12.40
B 3421,HD 97022,7.0,30.07
B 3422,HD 96946,8.0,9.78
B 3423,HD 96947,7.0,1.91
B 3424,HD 96970,8.0,13.14
B 3425,HD 97000,7.0,22.80
B 3426,HD 97026,9.0,14.00
B 3427,HD 97063,6.5,18.88
B 3429,HD 97082,7.0,13.90
B 3430,HD 97023,5.0,30.40
B 3431,HD 97152,8.0,22.00
B 3432,HD 97217,7.5,22.14
B 3433,HD 97185,7.0,20.78
B 3434,HD 97217,8.0,18.18
B 3437,HD 97253,7.0,14.60
B 3438,HD 97253,7.0,26.07
B 3439,HD 97271,6.0,25.45
B 3440,HD 97313,7.0,12.39
B 3441,HD 97317,7.0,13.80
B 3442,HD 97319,8.0,31.67
B 3443,HD 97393,6.5,32.48
B 3444,HD 97412,7.0,18.70
B 3445,HD 97413,6.0,1.91
B 3446,HD 97396,8.0,20.56
B 3447,HD 97400,8.0,21.29
B 3448,HD 97398,7.5,16.02
B 3449,HD 97434,8.0,29.22
B 3450,HD 97451,6.5,18.98
B 3451,HD 97400,7.0,31.34
B 3452,HD 97495,6.0,27.93
B 3453,HD 97484,8.0,20.52
B 3454,HD 97528,7.0,14.16
B 3455,HD 97485,8.0,14.78
B 3457,HD 97550,6.0,22.02
B 3459,HD 97472,6.5,16.84
B 3462,HD 97534,6.0,15.67
B 3463,HD 97522,7.0,12.96
B 3464,HD 97558,7.5,11.98
B 3465,HD 97557,7.5,13.04
B 3466,HD 97592,6.5,18.87
B 3467,HD 97583,6.0,14.55
B 3468,HD 97535,6.5,15.63
B 3470,HD 97651,6.0,16.72
B 3471,HD 97654,8.0,24.93
B 3472,HD 97688,7.0,7.19
B 3473,HD 97670,6.0,7.47
B 3476,HD 97723,7.0,23.27
B 3477,HD 97707,7.5,40.50
B 3478,HD 97769,8.0,7.57
B 3479,HD 97840,7.0,38.10
B 3480,HD 97808,8.0,20.22
B 3481,HD 97944,7.0,36.65
B 3482,HD 97944,7.0,24.30
B 3483,HD 97957,7.0,39.30
B 3484,HD 97931,8.5,60.85
B 3485,HD 97927,7.0,3.74
B 3486,HD 97948,8.0,54.30
B 3487,HD 97965,7.0,16.58
B 3488,HD 97969,8.0,21.43
B 3489,HD 98036,7.0,25.11
B 3490,HD 98048,7.0,32.25
B 3491,HD 97437,7.0,6.88
B 3492,HD 97971,7.0,18.57
B 3493,HD 98025,7.0,15.41
B 3494,HD 97901,8.0,12.25
B 3495,HD 98026,7.5,14.18
B 3496,HD 98062,7.0,10.76
B 3497,HD 97986,6.0,17.14
B 3498,HD 98041,8.0,38.63
B 3499,HD 98052,7.0,7.73
B 3500,HD 98064,7.0,27.53
B 3501,HD 98096,6.0,27.13
B 3502,HD 98126,7.0,22.84
B 3503,HD 98125,8.0,22.52
B 3505,HD 98161,7.0,26.31
B 3506,HD 98133,8.0,21.14
B 3507,HD 98180,7.0,20.21
B 3508,HD 98134,7.0,16.73
B 3509,HD 98220,7.0,42.21
B 3510,HD 98221,6.0,19.86
B 3512,HD 98240,7.0,13.02
B 3513,HD 98240,7.0,2.07
B 3514,HD 98300,8.0,28.37
B 3515,HD 98143,7.5,1.73
B 3516,HD 98292,6.0,18.06
B 3517,HD 98359,7.0,16.80
B 3518,HD 98329,7.0,71.57
B 3519,HD 98340,7.0,62.06
B 3520,HD 98341,7.0,13.13
B 3521,HD 98440,7.0,25.35
B 3522,HD 98409,7.5,12.57
B 3523,HD 98456,7.0,22.95
B 3524,HD 98434,7.0,19.45
B 3525,HD 97903,8.0,16.96
B 3526,HD 98584,7.0,13.81
B 3527,HD 98516,7.0,31.62
B 3528,HD 98543,8.0,5.98
B 3529,HD 98579,7.0,15.52
B 3530,HD 98560,6.0,8.93
B 3531,HD 98609,7.0,24.34
B 3532,HD 98584,7.5,20.25
B 3533,HD 98635,6.5,30.30
B 3534,HD 98596,7.0,21.86
B 3535,HD 98596,8.0,19.63
B 3536,HD 98615,9.0,6.34
B 3537,HD 98537,7.5,1.48
B 3538,HD 98669,7.0,15.56
B 3539,HD 98703,7.0,18.80
B 3540,HD 98717,7.0,34.08
B 3541,HD 98692,8.0,26.16
B 3542,HD 98627,7.0,17.32
B 3544,HD 98718,4.0,17.30
B 3545,HD 98680,8.0,25.51
B 3546,HD 98733,8.0,13.15
B 3547,HD 98672,6.0,12.22
B 3548,HD 98617,6.0,8.75
B 3549,HD 98818,7.0,27.33
B 3550,HD 98892,6.0,28.66
B 3551,HD 98896,8.0,15.30
B 3553,HD 98897,7.0,10.62
B 3556,HD 98984,8.0,26.93
B 3557,HD 99022,6.0,21.02
B 3558,HD 99060,7.0,25.71
B 3559,HD 99048,7.0,17.73
B 3560,HD 99085,8.0,13.30
B 3561,HD 99101,6.5,17.05
B 3562,HD 99104,6.0,14.46
B 3563,HD 99169,7.0,31.22
B 3564,HD 99171,6.5,18.38
B 3565,HD 99015,7.0,14.98
B 3566,HD 99159,8.5,31.93
B 3567,HD 99016,9.0,19.25
B 3568,HD 99148,8.0,11.55
B 3569,HD 99349,7.0,9.30
B 3570,HD 99219,7.0,15.58
B 3571,HD 99322,6.0,24.83
B 3572,HD 99296,8.0,27.48
B 3573,HD 99333,6.0,26.78
B 3574,HD 99279,8.5,16.45
B 3575,HD 99264,6.0,13.10
B 3576,HD 99385,6.0,28.01
B 3577,HD 99467,8.0,35.19
B 3578,HD 99467,7.5,18.64
B 3579,HD 99453,6.0,17.87
B 3580,HD 99499,7.5,10.32
B 3581,HD 99441,6.0,7.89
B 3582,HD 99574,6.0,21.44
B 3583,HD 99546,8.0,4.65
B 3584,HD 99556,6.0,16.90
B 3585,HD 99625,7.0,23.71
B 3586,HD 99619,7.0,14.06
B 3588,HD 99743,7.5,22.34
B 3589,HD 99703,8.0,27.38
B 3590,HD 99736,7.0,19.93
B 3591,HD 99734,7.0,8.79
B 3592,HD 99783,7.0,46.81
B 3593,HD 99794,7.0,18.53
B 3594,HD 99803,8.5,31.17
B 3595,HD 99803,6.0,21.05
B 3596,HD 99845,7.0,16.32
B 3597,HD 99823,6.0,14.62
B 3599,HD 99883,8.0,18.46
B 3600,HD 99923,7.0,19.88
B 3601,HD 99893,7.0,23.19
B 3602,HD 99872,6.0,11.91
B 3603,HD 99952,6.5,30.52
B 3604,HD 99806,7.0,7.73
B 3605,HD 99939,6.5,17.54
B 3606,HD 99953,6.5,12.79
B 3607,HD 100003,7.0,22.78
B 3608,HD 100004,7.5,25.53
B 3609,HD 100015,8.0,5.54
B 3611,HD 100014,7.0,14.51
B 3612,HD 100078,8.0,19.99
B 3613,HD 100119,7.0,23.88
B 3614,HD 100099,7.0,12.07
B 3615,HD 99827,7.5,12.00
B 3616,HD 100132,8.0,16.15
B 3617,HD 100122,7.0,10.22
B 3619,HD 100137,8.0,20.02
B 3620,HD 100135,7.5,22.45
B 3621,HD 100135,8.0,19.00
B 3622,HD 100137,7.5,18.45
B 3623,HD 100145,7.0,87.32
B 3624,HD 100191,7.5,24.45
B 3625,HD 100209,8.0,17.93
B 3626,HD 100228,7.0,25.88
B 3627,HD 100198,6.5,20.78
B 3628,HD 100286,5.0,32.86
B 3629,HD 100286,6.5,29.32
B 3631,HD 100261,6.0,18.15
B 3632,HD 100307,7.0,10.04
B 3633,HD 100262,6.0,9.79
B 3634,HD 100276,7.0,5.53
B 3635,HD 100277,8.0,6.24
B 3636,HD 100293,8.0,28.03
B 3637,HD 100367,8.0,23.24
B 3638,HD 100393,6.0,32.95
B 3639,HD 100335,8.0,11.53
B 3640,HD 100378,6.0,17.24
B 3641,HD 100407,4.0,28.10
B 3642,HD 100380,7.0,17.09
B 3643,HD 100380,7.5,9.02
B 3644,HD 100409,8.0,17.41
B 3645,HD 100359,7.0,13.90
B 3646,HD 100430,8.0,22.40
B 3647,HD 100453,7.0,16.22
B 3648,HD 100477,8.0,46.23
B 3649,HD 100493,6.0,13.06
B 3650,HD 100528,7.0,17.04
B 3651,HD 100370,8.5,21.00
B 3652,HD 100623,6.0,23.61
B 3653,HD 100613,7.5,15.85
B 3654,HD 100637,7.0,15.52
B 3655,HD 100686,7.0,27.64
B 3656,HD 100671,8.0,14.15
B 3657,HD 100673,6.0,16.32
B 3658,HD 100724,7.0,21.03
B 3659,HD 100713,8.0,22.29
B 3660,HD 100733,6.0,13.44
B 3661,HD 100773,7.0,14.07
B 3662,HD 100786,7.5,26.01
B 3663,HD 100825,6.5,10.57
B 3664,HD 100838,7.5,33.55
B 3665,HD 100826,6.5,14.82
B 3668,HD 100840,8.0,15.89
B 3669,HD 100841,4.0,18.76
B 3670,HD 100893,6.0,25.61
B 3671,HD 100894,7.0,12.86
B 3673,HD 100910,7.0,3.51
B 3674,HD 100900,8.0,3.08
B 3675,HD 100929,6.5,22.61
B 3676,HD 100953,6.0,29.56
B 3677,HD 100901,6.5,18.05
B 3678,HD 100954,7.0,25.62
B 3679,HD 100943,7.0,7.66
B 3680,HD 100965,7.5,48.00
B 3681,HD 101021,6.5,18.49
B 3682,HD 101066,7.0,33.02
B 3683,HD 101053,7.5,15.87
B 3684,HD 101067,6.0,21.77
B 3685,HD 101103,7.0,19.60
B 3686,HD 101105,7.0,13.31
B 3687,HD 101119,7.0,15.02
B 3689,HD 101189,6.0,14.18
B 3690,HD 101190,8.0,25.27
B 3691,HD 101132,6.0,8.14
B 3692,HD 101233,7.0,25.07
B 3693,HD 101205,7.0,10.31
B 3694,HD 101247,7.0,13.07
B 3695,HD 101205,8.0,1.39
B 3696,HD 101312,7.0,5.14
B 3697,HD 101328,7.0,4.04
B 3698,HD 101348,8.0,16.28
B 3699,HD 101358,8.0,29.99
B 3700,HD 101377,8.0,19.43
B 3701,HD 101390,7.0,24.41
B 3702,HD 101410,6.0,25.77
B 3703,HD 101379,6.0,15.16
B 3704,HD 101410,7.0,18.36
B 3705,HD 101431,5.0,11.54
B 3706,HD 101436,7.5,3.54
B 3707,HD 101466,7.5,19.57
B 3708,HD 101528,9.0,32.53
B 3709,HD 101541,6.5,19.38
B 3710,HD 101528,8.0,14.28
B 3711,HD 101545,7.5,15.45
B 3712,HD 101563,7.0,21.91
B 3713,HD 101569,7.5,21.32
B 3714,HD 101582,7.0,18.43
B 3715,HD 101570,6.0,15.35
B 3716,HD 101613,7.0,22.50
B 3717,HD 101600,9.0,26.86
B 3718,HD 101614,7.0,15.39
B 3719,HD 101618,8.0,36.25
B 3720,HD 101629,7.5,23.51
B 3721,HD 101666,6.0,15.57
B 3722,HD 101438,8.0,21.13
B 3723,HD 101684,7.0,21.15
B 3724,HD 101711,7.0,21.52
B 3725,HD 101724,8.0,26.71
B 3726,HD 101763,6.5,18.08
B 3727,HD 101779,7.5,15.74
B 3728,HD 101727,7.0,28.35
B 3729,HD 101802,8.0,57.66
B 3730,HD 101795,7.0,12.61
B 3731,HD 101814,7.0,2.55
B 3732,HD 101766,8.0,2.80
B 3733,HD 101805,6.0,6.76
B 3734,HD 101883,6.0,25.32
B 3735,HD 101902,8.0,19.62
B 3736,HD 101927,7.0,27.03
B 3737,HD 101782,7.0,3.10
B 3738,HD 101929,7.0,33.77
B 3739,HD 101947,6.0,11.21
B 3740,HD 101995,6.5,13.24
B 3741,HD 101917,6.0,4.12
B 3742,HD 102028,8.0,28.83
B 3743,HD 102076,7.0,70.21
B 3744,HD 102088,8.0,20.35
B 3745,HD 102101,7.5,17.61
B 3746,HD 102112,7.0,29.55
B 3747,HD 102113,7.0,6.49
B 3748,HD 102150,7.0,26.51
B 3750,HD 102232,6.0,27.43
B 3751,HD 102219,7.0,21.24
B 3752,HD 102235,7.0,22.78
B 3753,HD 102247,7.0,77.74
B 3754,HD 102236,8.0,9.66
B 3755,HD 102248,8.0,40.07
B 3756,HD 102249,4.5,11.30
B 3757,HD 102236,8.0,26.23
B 3760,HD 102340,7.5,13.07
B 3761,HD 102293,8.0,21.09
B 3763,HD 102350,5.0,16.23
B 3764,HD 102349,6.0,7.06
B 3765,HD 102368,7.0,13.11
B 3766,HD 102365,5.5,26.62
B 3767,HD 102386,7.0,35.73
B 3768,HD 102370,7.0,11.44
B 3769,HD 102399,8.0,11.96
B 3770,HD 102454,7.0,21.89
B 3771,HD 102461,6.5,18.69
B 3772,HD 102503,7.5,25.42
B 3773,HD 102540,7.0,29.17
B 3774,HD 102506,8.0,23.05
B 3775,HD 102534,6.0,13.07
B 3776,HD 102506,7.0,6.83
B 3777,HD 102578,8.0,10.59
B 3778,HD 102584,6.0,7.63
B 3781,HD 102601,8.0,13.83
B 3782,HD 102682,7.0,29.29
B 3783,HD 102693,7.0,17.31
B 3784,HD 102997,7.0,18.81
B 3785,HD 102703,6.0,16.26
B 3786,HD 102728,7.5,0.70
B 3787,HD 102776,6.0,15.49
B 3788,HD 102794,8.0,18.35
B 3789,HD 102791,7.0,18.18
B 3790,HD 102815,7.5,18.40
B 3791,HD 102870,3.5,29.24
B 3792,HD 102839,6.0,8.81
B 3793,HD 102888,6.0,30.37
B 3794,HD 102878,6.0,16.96
B 3795,HD 102921,7.0,9.70
B 3796,HD 102964,6.0,18.57
B 3797,HD 102968,7.5,19.19
B 3798,HD 102969,7.0,31.02
B 3799,HD 102981,6.0,21.34
B 3800,HD 102997,7.0,3.37
B 3801,HD 103006,8.0,16.83
B 3802,HD 103026,6.0,27.16
B 3803,HD 103041,7.5,23.25
B 3804,HD 103079,6.0,11.16
B 3805,HD 103078,7.5,20.05
B 3806,HD 103102,7.5,47.81
B 3807,HD 103101,6.0,11.31
B 3808,HD 103125,7.0,16.32
B 3809,HD 103170,8.0,19.43
B 3810,HD 103182,7.5,7.27
B 3811,HD 103192,4.0,16.74
B 3812,HD 103225,8.0,17.36
B 3813,HD 103266,5.0,29.66
B 3814,HD 103270,7.5,12.23
B 3815,HD 103285,8.0,18.41
B 3816,HD 103336,8.0,18.04
B 3817,HD 103338,7.0,13.38
B 3818,HD 103391,8.0,21.50
B 3819,HD 103400,6.0,17.62
B 3820,HD 103437,6.0,24.12
B 3821,HD 103438,7.0,23.42
B 3822,HD 103462,5.0,26.96
B 3823,HD 103457,8.0,22.81
B 3824,HD 103467,8.0,14.83
B 3825,HD 103482,7.0,10.56
B 3826,HD 103493,6.5,22.57
B 3827,HD 103516,6.5,14.37
B 3829,HD 103497,9.0,15.46
B 3830,HD 103574,8.0,15.03
B 3831,HD 103569,7.5,12.69
B 3832,HD 103596,6.0,42.14
B 3833,HD 103589,8.0,13.17
B 3834,HD 103637,6.0,12.25
B 3835,HD 103655,8.0,11.82
B 3836,HD 103742,7.5,17.83
B 3837,HD 103714,8.0,22.38
B 3838,HD 103746,6.5,24.57
B 3839,HD 103789,6.0,34.09
B 3840,HD 103805,6.0,19.67
B 3841,HD 103779,7.0,12.00
B 3842,HD 103807,8.0,4.93
B 3843,HD 103868,7.0,35.42
B 3844,HD 103870,7.0,23.70
B 3845,HD 103884,6.5,15.13
B 3846,HD 103901,7.0,10.90
B 3847,HD 103922,7.0,27.12
B 3848,HD 103924,8.0,15.48
B 3849,HD 103961,6.0,16.51
B 3850,HD 103974,7.0,32.51
B 3851,HD 104015,7.0,11.07
B 3852,HD 104021,7.5,3.60
B 3853,HD 104039,6.0,18.87
B 3854,HD 104035,6.0,21.80
B 3855,HD 104036,7.0,22.37
B 3856,HD 104081,6.0,19.23
B 3857,HD 104085,8.0,14.14
B 3858,HD 104103,7.0,17.42
B 3859,HD 104125,7.0,17.87
B 3860,HD 104136,6.0,31.06
B 3861,HD 104111,7.0,2.30
B 3862,HD 104138,6.0,30.94
B 3863,HD 104085,8.0,19.92
B 3864,HD 104171,7.0,4.86
B 3865,HD 104174,5.0,15.44
B 3867,HD 104200,8.0,20.48
B 3868,HD 104200,8.0,12.81
B 3869,HD 104226,8.0,22.74
B 3870,HD 104215,8.0,8.48
B 3871,HD 104237,7.0,5.08
B 3872,HD 104313,8.0,14.12
B 3873,HD 104329,7.0,16.39
B 3874,HD 104430,6.5,17.63
B 3875,HD 104472,7.0,25.42
B 3876,HD 104471,7.0,31.09
B 3877,HD 104479,7.0,9.33
B 3878,HD 104481,6.5,15.16
B 3879,HD 104533,7.0,8.79
B 3880,HD 104553,7.0,16.07
B 3882,HD 104564,7.0,13.27
B 3883,HD 104570,7.0,17.02
B 3884,HD 104555,7.0,21.62
B 3886,HD 104600,6.0,7.62
B 3887,HD 104631,7.0,15.95
B 3888,HD 104644,7.0,19.94
B 3889,HD 104646,7.0,17.73
B 3890,HD 104646,7.0,16.43
B 3891,HD 104666,7.0,16.74
B 3892,HD 104671,6.0,19.52
B 3893,HD 104664,7.0,8.15
B 3894,HD 104731,6.0,20.15
B 3895,HD 104765,7.0,38.22
B 3896,HD 104901,7.5,16.55
B 3897,HD 104764,7.0,10.11
B 3899,HD 104824,8.0,9.50
B 3900,HD 104822,7.5,19.26
B 3901,HD 104841,6.0,17.09
B 3902,HD 104878,6.0,5.76
B 3903,HD 104900,7.0,30.20
B 3904,HD 104901,7.5,20.78
B 3905,HD 104901,8.0,19.81
B 3907,HD 104902,6.0,2.11
B 3908,HD 104935,7.0,14.50
B 3909,HD 104936,7.0,14.39
B 3910,HD 104991,6.5,12.75
B 3911,HD 104990,6.5,10.31
B 3912,HD 105016,6.0,20.55
B 3914,HD 105056,7.0,9.35
B 3915,HD 105071,6.0,15.19
B 3916,HD 105096,6.0,12.81
B 3917,HD 105095,8.0,24.84
B 3918,HD 105113,7.0,27.93
B 3919,HD 105155,9.0,21.64
B 3920,HD 105139,6.5,2.64
B 3921,HD 105151,6.5,14.21
B 3922,HD 105173,7.0,40.65
B 3923,HD 105211,5.0,6.19
B 3924,HD 105274,7.0,21.69
B 3925,HD 105283,7.0,21.80
B 3926,HD 105313,7.0,23.80
B 3927,HD 105340,6.0,3.82
B 3929,HD 105353,8.0,12.95
B 3930,HD 105382,6.0,23.42
B 3931,HD 105401,8.0,20.29
B 3932,HD 105416,6.0,4.68
B 3933,HD 105437,7.0,29.07
B 3934,HD 105435,3.0,26.12
B 3935,HD 105434,6.0,19.44
B 3936,HD 105401,8.0,16.17
B 3937,HD 105437,6.0,48.81
B 3938,HD 105509,6.0,26.62
B 3939,HD 105521,6.0,23.90
B 3940,HD 105580,7.5,17.68
B 3941,HD 105615,7.0,18.74
B 3942,HD 105646,6.0,76.34
B 3943,HD 105686,6.0,27.00
B 3944,HD 105770,7.0,23.43
B 3945,HD 105776,6.0,22.29
B 3946,HD 105775,7.0,23.62
B 3947,HD 105814,7.0,19.35
B 3948,HD 105852,7.0,23.55
B 3949,HD 105841,6.5,12.18
B 3950,HD 105874,8.0,34.26
B 3951,HD 105919,6.5,24.67
B 3952,HD 105920,6.5,22.41
B 3953,HD 105937,4.0,21.09
B 3954,HD 106000,6.0,21.48
B 3955,HD 106067,8.0,14.68
B 3956,HD 106067,8.0,11.27
B 3957,HD 106086,7.0,20.72
B 3958,HD 106111,7.0,11.68
B 3959,HD 106110,7.5,18.03
B 3960,HD 106132,7.0,11.74
B 3961,HD 106130,7.0,6.87
B 3962,HD 106461,7.0,21.78
B 3963,HD 106231,6.0,28.28
B 3964,HD 106271,7.0,18.61
B 3965,HD 106309,7.5,20.10
B 3966,HD 106307,7.0,25.19
B 3967,HD 106321,6.0,19.47
B 3968,HD 106344,7.0,13.97
B 3969,HD 106343,6.5,11.99
B 3970,HD 106342,7.0,22.23
B 3971,HD 106360,7.0,5.15
B 3972,HD 106362,7.0,12.26
B 3973,HD 106445,8.0,18.97
B 3974,HD 106460,8.0,9.20
B 3975,HD 106490,3.0,20.45
B 3976,HD 106489,7.0,5.36
B 3977,HD 106500,7.0,44.39
B 3978,HD 106552,8.0,11.67
B 3979,HD 106572,6.5,16.98
B 3980,HD 106590,8.0,13.85
B 3981,HD 106614,7.0,26.38
B 3982,HD 106635,7.5,2.38
B 3983,HD 106676,7.0,17.52
B 3985,HD 106849,6.0,13.75
B 3986,HD 106911,5.0,8.24
B 3987,HD 106869,7.0,62.51
B 3988,HD 106909,8.0,24.41
B 3989,HD 106908,7.0,16.24
B 3990,HD 106922,6.5,24.33
B 3991,HD 106943,7.0,14.20
B 3992,HD 106970,6.0,26.48
B 3993,HD 106984,8.0,16.34
B 3994,HD 106983,6.0,8.04
B 3995,HD 107079,6.0,19.72
B 3996,HD 107145,7.0,13.97
B 3997,HD 107183,7.0,42.02
B 3998,HD 107209,7.0,17.48
B 3999,HD 107206,8.0,17.92
B 4000,HD 107250,8.0,20.28
B 4001,HD 107270,7.0,16.61
B 4002,HD 107301,6.0,12.27
B 4004,HD 107301,6.0,17.37
B 4006,HD 107263,7.0,19.82
B 4007,HD 107413,8.0,19.04
B 4008,HD 107411,8.0,16.20
B 4009,HD 107392,6.0,12.06
B 4010,HD 107424,8.0,20.09
B 4011,HD 107475,7.0,38.42
B 4012,HD 107447,7.0,16.71
B 4013,HD 107422,7.0,15.44
B 4014,HD 107446,4.0,13.75
B 4015,HD 107739,6.0,12.88
B 4016,HD 107524,6.0,21.70
B 4017,HD 107566,6.0,10.80
B 4018,HD 107739,6.0,4.26
B 4019,HD 107567,6.0,13.70
B 4020,HD 107543,6.5,19.77
B 4021,HD 107592,7.5,6.07
B 4022,HD 107652,8.5,19.31
B 4023,HD 107696,6.0,19.85
B 4024,HD 107720,7.0,5.10
B 4025,HD 107720,8.0,6.69
B 4026,HD 107773,7.0,1.83
B 4027,HD 107773,6.0,21.12
B 4028,HD 107822,8.0,49.51
B 4029,HD 107863,8.0,18.66
B 4030,HD 107805,7.0,12.94
B 4031,HD 107821,8.0,15.23
B 4032,HD 107780,7.5,16.44
B 4033,HD 107800,7.0,18.86
B 4034,HD 107833,7.0,25.35
B 4035,HD 107832,6.0,23.40
B 4036,HD 107860,6.0,33.02
B 4038,HD 107869,7.0,31.80
B 4039,HD 107931,6.0,23.73
B 4040,HD 107964,7.0,2.56
B 4041,HD 108002,7.0,3.50
B 4042,HD 107976,8.0,14.23
B 4043,HD 108054,6.5,15.78
B 4044,HD 108068,7.0,8.02
B 4045,HD 108063,6.0,21.29
B 4046,HD 108114,6.0,34.00
B 4047,HD 108147,7.0,10.93
B 4048,HD 108344,7.0,26.04
B 4049,HD 108250,6.0,11.49
B 4050,HD 108248,2.0,11.63
B 4051,HD 108248,3.0,9.40
B 4052,HD 108257,6.0,23.86
B 4053,HD 108343,8.0,13.61
B 4054,HD 108311,7.0,21.01
B 4055,HD 108309,6.0,26.32
B 4056,HD 108323,6.0,24.50
B 4057,HD 108355,6.5,9.04
B 4059,HD 108395,7.0,12.45
B 4060,HD 108500,7.0,22.07
B 4061,HD 108501,6.5,16.97
B 4062,HD 108483,5.5,26.99
B 4063,HD 108558,8.0,14.66
B 4064,HD 108530,7.0,20.00
B 4066,HD 108510,6.5,22.30
B 4067,HD 108570,6.5,12.80
B 4068,HD 108541,6.0,25.25
B 4069,HD 108610,7.0,4.69
B 4070,HD 108625,7.5,8.66
B 4071,HD 108656,7.0,17.27
B 4072,HD 108708,7.0,9.40
B 4073,HD 108732,6.5,15.98
B 4074,HD 108792,8.0,9.87
B 4075,HD 108773,7.0,11.53
B 4076,HD 108771,8.0,26.08
B 4077,HD 108759,6.0,18.86
B 4078,HD 108760,7.0,36.04
B 4080,HD 108903,2.0,19.03
B 4081,HD 108925,7.0,18.48
B 4082,HD 108939,8.0,23.59
B 4083,HD 108968,6.0,11.04
B 4084,HD 108934,7.0,9.63
B 4085,HD 109026,4.0,11.92
B 4086,HD 109067,8.0,14.31
B 4087,HD 109009,7.0,17.72
B 4088,HD 109024,6.0,13.09
B 4089,HD 109044,8.0,19.01
B 4090,HD 109045,6.5,16.74
B 4091,HD 110994,7.0,13.77
B 4092,HD 109040,7.0,17.93
B 4093,HD 109086,7.0,19.78
B 4094,HD 109164,8.0,23.96
B 4095,HD 109198,7.0,23.01
B 4096,HD 109194,7.0,16.70
B 4097,HD 109196,8.0,12.40
B 4098,HD 109197,7.0,9.53
B 4099,HD 109241,6.0,19.31
B 4100,HD 109298,7.0,11.24
B 4101,HD 109313,8.0,51.34
B 4102,HD 109276,8.0,73.25
B 4103,HD 109309,5.5,20.72
B 4104,HD 109355,9.0,0.37
B 4105,HD 109409,6.0,29.76
B 4106,HD 109475,6.5,16.39
B 4107,HD 109492,6.5,17.72
B 4108,HD 109473,8.0,13.41
B 4109,HD 109505,8.0,16.46
B 4110,HD 109536,6.0,25.26
B 4112,HD 109593,6.5,16.29
B 4113,HD 109668,4.0,11.78
B 4114,HD 109675,7.0,33.36
B 4115,HD 109660,7.0,27.37
B 4116,HD 109696,8.5,9.81
B 4117,HD 109752,7.5,10.14
B 4118,HD 109777,7.5,14.89
B 4119,HD 109857,7.0,11.42
B 4120,HD 109787,5.0,13.98
B 4121,HD 109809,8.0,18.41
B 4122,HD 109808,6.0,16.54
B 4123,HD 109799,5.0,9.70
B 4124,HD 109843,8.0,21.22
B 4125,HD 109843,7.5,10.51
B 4126,HD 109867,7.0,8.53
B 4127,HD 109842,7.0,19.45
B 4128,HD 109866,8.0,13.76
B 4129,HD 109909,8.0,3.72
B 4130,HD 109903,8.0,23.03
B 4131,HD 110061,8.0,20.52
B 4132,HD 110020,7.0,13.25
B 4133,HD 109960,6.0,22.39
B 4134,HD 110015,7.5,16.88
B 4135,HD 110073,6.0,25.58
B 4136,HD 110089,8.0,18.80
B 4137,HD 110151,9.0,26.39
B 4138,HD 110177,8.0,14.59
B 4139,HD 110157,8.0,20.99
B 4140,HD 110258,8.0,22.70
B 4141,HD 110213,8.0,22.44
B 4142,HD 110311,7.0,11.71
B 4143,HD 110310,7.0,16.73
B 4144,HD 110253,7.0,19.67
B 4145,HD 110289,8.0,6.07
B 4146,HD 110287,6.0,7.88
B 4147,HD 110304,3.0,25.60
B 4148,HD 110335,6.0,16.71
B 4149,HD 110284,7.0,32.28
B 4150,HD 110333,8.0,13.09
B 4151,HD 110343,7.5,7.96
B 4152,HD 110335,6.0,14.10
B 4153,HD 110372,6.0,23.35
B 4154,HD 110390,7.0,13.12
B 4155,HD 110356,7.0,45.78
B 4157,HD 110432,7.0,23.70
B 4158,HD 110445,6.0,31.04
B 4159,HD 110379,4.0,24.38
B 4160,HD 110461,6.0,18.49
B 4161,HD 110458,6.0,15.95
B 4162,HD 110477,7.5,11.44
B 4163,HD 110506,6.0,18.67
B 4164,HD 110532,7.0,15.16
B 4166,HD 110716,7.0,10.12
B 4167,HD 110619,7.0,22.91
B 4168,HD 110760,8.0,14.79
B 4170,HD 110701,7.5,11.46
B 4171,HD 110698,6.5,15.75
B 4172,HD 110666,6.0,40.93
B 4173,HD 110733,7.0,11.89
B 4174,HD 110786,8.0,46.27
B 4176,HD 110772,7.0,14.43
B 4178,HD 110829,6.0,11.86
B 4179,HD 110879,4.0,9.89
B 4180,HD 110924,6.0,34.29
B 4181,HD 111111,7.0,9.66
B 4182,HD 110956,6.0,18.57
B 4183,HD 111011,8.0,19.75
B 4184,HD 111079,8.5,21.62
B 4185,HD 111020,7.0,23.42
B 4186,HD 111105,7.5,15.42
B 4187,HD 111482,6.0,15.17
B 4188,HD 111102,7.5,15.93
B 4189,HD 111123,2.0,15.82
B 4190,HD 111104,8.0,18.09
B 4191,HD 111161,8.0,11.49
B 4192,HD 111160,7.0,32.84
B 4193,HD 111193,7.5,0.78
B 4194,HD 111290,8.0,14.21
B 4195,HD 111315,6.0,6.82
B 4196,HD 111235,7.0,31.10
B 4197,HD 111249,8.0,24.35
B 4198,HD 111295,6.0,24.45
B 4199,HD 111442,8.5,24.88
B 4200,HD 111375,8.0,25.10
B 4201,HD 111406,7.0,17.51
B 4202,HD 111403,7.0,30.61
B 4203,HD 111464,7.0,7.93
B 4204,HD 111463,6.5,16.06
B 4205,HD 111478,8.0,16.78
B 4206,HD 111538,7.5,8.63
B 4207,HD 111535,7.5,22.46
B 4209,HD 111613,6.5,15.61
B 4210,HD 111588,6.0,18.92
B 4211,HD 111612,8.0,5.05
B 4212,HD 111597,6.0,18.60
B 4213,HD 111655,8.0,16.05
B 4214,HD 111730,8.0,24.78
B 4215,HD 111830,7.0,2.09
B 4216,HD 111775,7.0,27.83
B 4217,HD 111774,5.5,21.73
B 4218,HD 111876,7.0,10.76
B 4219,HD 111786,6.5,30.74
B 4220,HD 111849,7.0,15.71
B 4222,HD 111884,6.0,22.76
B 4223,HD 111904,6.5,14.03
B 4224,HD 111934,7.0,12.16
B 4225,HD 111915,6.0,1.82
B 4227,HD 111973,6.5,10.26
B 4230,HD 112079,7.0,14.35
B 4231,HD 111990,6.5,7.15
B 4232,HD 111968,5.0,26.11
B 4233,HD 111984,7.0,28.13
B 4234,HD 112044,7.0,17.14
B 4235,HD 112054,7.0,16.52
B 4236,HD 112078,6.0,15.23
B 4237,HD 112092,5.0,13.99
B 4238,HD 112091,6.0,8.12
B 4239,HD 112219,6.5,7.49
B 4240,HD 112164,6.0,20.39
B 4241,HD 112225,8.0,8.17
B 4242,HD 112213,6.0,18.38
B 4243,HD 112244,6.0,22.64
B 4244,HD 112244,6.0,15.49
B 4245,HD 112272,7.5,14.01
B 4246,HD 112268,7.0,21.56
B 4247,HD 112383,7.0,4.00
B 4248,HD 112350,8.0,51.25
B 4249,HD 112365,7.5,22.20
B 4250,HD 112410,7.0,15.20
B 4251,HD 112361,6.5,19.56
B 4252,HD 112365,8.0,5.86
B 4253,HD 113283,7.5,13.79
B 4254,HD 112409,6.0,22.94
B 4256,HD 112440,8.0,16.85
B 4257,HD 112437,8.0,19.96
B 4258,HD 112532,7.0,32.24
B 4259,HD 112556,8.0,10.85
B 4260,HD 112608,8.0,65.94
B 4261,HD 112583,8.0,15.42
B 4262,HD 112565,7.0,13.32
B 4263,HD 112563,7.0,26.66
B 4264,HD 112581,7.5,5.34
B 4265,HD 112703,8.0,15.86
B 4267,HD 112680,7.0,13.98
B 4268,HD 112764,7.0,48.98
B 4269,HD 112784,8.0,22.29
B 4270,HD 112784,7.0,16.81
B 4271,HD 112764,8.0,9.91
B 4272,HD 112842,7.0,8.87
B 4273,HD 112780,7.0,10.87
B 4275,HD 112842,7.5,9.92
B 4276,HD 112854,8.0,11.39
B 4277,HD 113192,7.5,10.11
B 4278,HD 112833,7.0,14.97
B 4279,HD 112851,7.0,15.94
B 4280,HD 112985,4.0,9.81
B 4281,HD 112911,7.0,7.47
B 4282,HD 112865,7.0,16.82
B 4283,HD 112954,7.0,14.87
B 4284,HD 112999,7.5,7.81
B 4285,HD 112935,6.0,8.68
B 4286,HD 113120,7.0,11.47
B 4288,HD 113137,8.0,8.76
B 4289,HD 113152,8.0,12.44
B 4290,HD 113478,8.0,18.91
B 4291,HD 113163,7.0,16.98
B 4292,HD 113163,7.0,6.03
B 4293,HD 113163,8.0,18.43
B 4294,HD 113237,8.0,6.84
B 4296,HD 113297,7.0,19.88
B 4298,HD 113334,8.0,18.52
B 4299,HD 113314,6.0,10.43
B 4300,HD 113388,7.0,20.24
B 4301,HD 113457,6.5,16.77
B 4302,HD 113398,6.0,38.32
B 4303,HD 113465,8.0,14.94
B 4304,HD 113451,7.5,19.95
B 4305,HD 113488,8.0,15.21
B 4306,HD 113694,6.0,8.81
B 4308,HD 113506,7.5,14.32
B 4309,HD 113556,8.0,21.18
B 4310,HD 113523,6.0,21.19
B 4311,HD 113537,6.0,21.32
B 4312,HD 113602,7.0,27.09
B 4313,HD 113647,9.0,59.49
B 4314,HD 113686,7.0,20.25
B 4315,HD 113753,9.0,22.93
B 4316,HD 113703,6.0,21.37
B 4317,HD 113781,8.0,46.34
B 4318,HD 113782,7.5,6.26
B 4319,HD 113823,6.0,15.89
B 4320,HD 113778,8.0,11.28
B 4321,HD 113791,5.0,19.26
B 4322,HD 113842,8.0,20.16
B 4323,HD 113904,6.0,16.96
B 4324,HD 113852,6.0,15.12
B 4325,HD 113902,6.0,19.96
B 4327,HD 113887,8.0,6.72
B 4328,HD 114026,8.0,13.83
B 4329,HD 113953,6.5,12.97
B 4330,HD 113954,7.5,2.67
B 4331,HD 114026,8.0,20.32
B 4332,HD 114082,8.0,10.47
B 4333,HD 114050,7.0,31.83
B 4334,HD 114038,5.0,3.46
B 4335,HD 114139,7.5,19.39
B 4336,HD 114155,6.5,22.48
B 4337,HD 114196,8.0,20.09
B 4338,HD 114208,8.0,20.14
B 4339,HD 114371,6.5,12.84
B 4340,HD 114533,6.0,13.16
B 4341,HD 114307,8.0,8.68
B 4342,HD 114370,8.0,80.35
B 4343,HD 114268,6.0,25.45
B 4344,HD 114394,8.0,24.10
B 4345,HD 114351,7.0,35.87
B 4346,HD 114365,6.0,14.03
B 4348,HD 114477,8.0,47.03
B 4349,HD 114477,8.0,29.65
B 4350,HD 114458,6.0,26.28
B 4351,HD 114435,6.0,25.93
B 4352,HD 114570,6.0,11.91
B 4353,HD 114474,6.0,22.73
B 4354,HD 114529,6.0,13.04
B 4356,HD 114566,7.5,29.95
B 4357,HD 114655,8.0,11.49
B 4358,HD 114584,7.5,17.94
B 4359,HD 114576,7.0,28.20
B 4361,HD 114613,6.0,29.87
B 4362,HD 114642,5.5,28.91
B 4363,HD 114772,6.0,19.63
B 4364,HD 114835,7.0,11.27
B 4365,HD 114769,7.0,13.76
B 4366,HD 114912,6.0,17.69
B 4368,HD 114886,7.0,13.34
B 4369,HD 114911,6.0,16.13
B 4370,HD 114837,6.0,10.34
B 4371,HD 115116,7.0,17.02
B 4372,HD 114853,7.0,14.34
B 4373,HD 114873,6.0,24.29
B 4374,HD 114971,6.0,21.51
B 4375,HD 114983,8.0,10.42
B 4376,HD 115214,7.0,14.97
B 4377,HD 115149,6.5,11.27
B 4378,HD 115113,7.0,7.50
B 4379,HD 115113,7.0,24.19
B 4380,HD 115211,6.0,11.21
B 4381,HD 115159,7.0,18.28
B 4382,HD 115286,7.0,17.09
B 4383,HD 115674,8.0,28.41
B 4384,HD 115400,7.0,5.87
B 4385,HD 115331,7.0,15.36
B 4386,HD 115310,6.0,37.86
B 4387,HD 115324,7.0,5.94
B 4388,HD 115436,7.0,15.25
B 4389,HD 115415,7.0,18.20
B 4390,HD 115585,8.0,15.00
B 4391,HD 115510,7.0,9.59
B 4392,HD 115583,7.5,15.15
B 4393,HD 115470,6.5,10.14
B 4394,HD 115529,6.5,13.81
B 4396,HD 115467,6.0,26.17
B 4397,HD 115564,7.0,8.53
B 4398,HD 115671,7.0,10.66
B 4399,HD 115624,7.5,8.99
B 4400,HD 115595,8.0,16.29
B 4401,HD 115652,8.0,12.68
B 4402,HD 115619,8.0,10.22
B 4403,HD 115668,8.0,6.41
B 4404,HD 115560,8.0,13.64
B 4405,HD 115704,8.0,10.18
B 4406,HD 115744,8.0,29.37
B 4407,HD 115791,8.0,36.75
B 4408,HD 115778,7.0,18.38
B 4409,HD 115846,7.0,9.32
B 4410,HD 116632,7.0,6.23
B 4411,HD 115863,8.0,10.28
B 4412,HD 115773,7.0,23.61
B 4413,HD 115842,6.5,14.72
B 4414,HD 115823,6.0,15.72
B 4415,HD 115915,8.0,29.17
B 4416,HD 115912,6.5,19.02
B 4417,HD 115892,3.0,25.18
B 4418,HD 116003,7.0,5.47
B 4419,HD 115990,7.5,9.04
B 4420,HD 116072,6.0,18.41
B 4421,HD 116087,6.0,8.74
B 4422,HD 116038,7.0,4.92
B 4423,HD 116244,6.0,7.24
B 4424,HD 116119,8.0,19.43
B 4425,HD 116084,6.0,14.83
B 4426,HD 116080,7.0,32.56
B 4427,HD 116255,7.5,22.98
B 4428,HD 116243,6.0,12.28
B 4429,HD 116197,6.5,24.62
B 4431,HD 116226,7.0,22.20
B 4432,HD 116424,0.0,9.30
B 4433,HD 116293,7.0,13.36
B 4434,HD 116338,7.0,21.60
B 4435,HD 116356,8.0,18.95
B 4436,HD 116337,6.5,17.75
B 4437,HD 116457,6.0,13.72
B 4438,HD 116579,6.0,7.52
B 4439,HD 116388,7.0,18.12
B 4440,HD 116388,8.0,9.85
B 4441,HD 116398,7.5,19.38
B 4442,HD 116416,7.5,26.17
B 4443,HD 116434,7.0,9.87
B 4444,HD 116448,7.0,26.59
B 4446,HD 116538,7.0,17.41
B 4447,HD 116560,7.5,16.25
B 4448,HD 116549,7.0,28.99
B 4449,HD 116651,7.5,25.62
B 4450,HD 116649,7.0,14.12
B 4452,HD 116664,7.0,12.54
B 4453,HD 117374,6.0,4.98
B 4454,HD 116734,8.0,6.99
B 4455,HD 116717,6.0,7.02
B 4456,HD 116781,7.0,13.14
B 4457,HD 116658,1.0,23.62
B 4458,HD 116713,6.0,23.79
B 4459,HD 116711,7.0,20.50
B 4460,HD 116865,7.0,14.99
B 4461,HD 116776,8.0,12.82
B 4462,HD 116789,8.0,33.29
B 4464,HD 116788,7.0,29.67
B 4465,HD 116836,6.5,19.73
B 4466,HD 116875,7.0,14.21
B 4467,HD 116835,6.0,22.29
B 4468,HD 116862,6.0,17.87
B 4469,HD 117025,7.0,13.47
B 4470,HD 116982,7.5,19.87
B 4471,HD 117039,7.0,35.76
B 4472,HD 117695,7.0,1.99
B 4473,HD 117036,7.0,15.68
B 4474,HD 117360,6.5,19.45
B 4475,HD 117033,7.0,21.81
B 4476,HD 117150,6.0,12.07
B 4477,HD 116948,7.0,0.93
B 4478,HD 117169,7.0,21.19
B 4479,HD 117170,7.5,14.35
B 4480,HD 117105,7.0,14.40
B 4481,HD 117145,7.0,22.28
B 4482,HD 117214,8.0,16.10
B 4483,HD 117229,7.5,2.31
B 4484,HD 117193,7.0,25.08
B 4485,HD 117253,7.0,5.86
B 4486,HD 117207,7.0,26.18
B 4487,HD 117294,8.0,13.58
B 4488,HD 117356,7.5,13.42
B 4489,HD 117288,7.0,4.08
B 4491,HD 117399,6.5,7.61
B 4492,HD 117246,7.0,10.55
B 4493,HD 117193,7.0,14.88
B 4495,HD 117540,7.0,9.09
B 4496,HD 117440,5.0,20.40
B 4497,HD 117526,8.0,5.26
B 4498,HD 117485,7.0,12.07
B 4499,HD 117484,8.0,11.86
B 4500,HD 117552,8.0,17.53
B 4501,HD 117807,7.0,16.34
B 4502,HD 117609,8.0,17.76
B 4503,HD 117521,8.0,24.68
B 4504,HD 117535,8.0,12.17
B 4505,HD 117652,7.5,66.10
B 4506,HD 117651,6.0,6.56
B 4507,HD 117694,7.0,20.11
B 4508,HD 117620,8.0,12.63
B 4509,HD 117548,7.0,33.66
B 4510,HD 117618,7.5,15.85
B 4511,HD 117544,7.5,33.76
B 4512,HD 117597,7.0,9.01
B 4513,HD 117872,7.0,11.16
B 4514,HD 117665,7.0,18.94
B 4515,HD 117798,8.0,21.05
B 4516,HD 117738,7.0,22.67
B 4517,HD 117774,7.0,12.40
B 4518,HD 117738,7.5,9.46
B 4519,HD 117718,6.0,30.12
B 4521,HD 117716,6.5,9.82
B 4522,HD 117854,7.0,10.67
B 4523,HD 117890,8.0,11.96
B 4524,HD 117807,7.0,26.71
B 4525,HD 117781,7.0,4.63
B 4526,HD 117923,7.0,11.48
B 4527,HD 117852,7.0,23.54
B 4528,HD 117960,8.0,15.46
B 4529,HD 117851,0.0,22.42
B 4530,HD 117979,8.0,9.18
B 4531,HD 117945,8.0,63.53
B 4532,HD 117919,6.5,16.86
B 4533,HD 117941,7.5,13.72
B 4534,HD 118285,7.0,4.69
B 4536,HD 118090,8.0,15.04
B 4537,HD 118090,7.5,14.85
B 4538,HD 118090,7.0,15.62
B 4539,HD 118196,7.5,22.16
B 4540,HD 118242,7.0,10.95
B 4542,HD 118054,6.0,29.41
B 4543,HD 118261,6.5,16.38
B 4544,HD 118261,6.0,11.85
B 4545,HD 118193,7.5,10.73
B 4546,HD 118344,6.0,2.99
B 4547,HD 118252,7.0,29.94
B 4549,HD 118370,7.0,10.01
B 4550,HD 118338,6.0,18.90
B 4551,HD 118384,6.5,13.82
B 4552,HD 118522,6.0,12.25
B 4553,HD 118337,7.5,15.65
B 4554,HD 118354,6.0,28.81
B 4555,HD 118436,7.0,16.68
B 4556,HD 118349,6.0,14.20
B 4557,HD 118421,7.0,17.76
B 4558,HD 118450,7.0,18.70
B 4559,HD 118520,6.5,12.63
B 4560,HD 118434,7.0,65.28
B 4561,HD 118483,7.0,18.77
B 4562,HD 118465,7.0,59.82
B 4564,HD 118566,7.5,14.96
B 4565,HD 118697,7.0,38.05
B 4566,HD 118634,8.0,18.48
B 4567,HD 118600,7.0,25.43
B 4568,HD 118697,7.0,17.71
B 4569,HD 118715,9.0,1.95
B 4570,HD 118716,3.0,22.70
B 4571,HD 118646,6.0,31.11
B 4572,HD 118648,7.0,20.72
B 4573,HD 118769,6.0,21.10
B 4574,HD 118767,6.0,21.72
B 4575,HD 118781,7.0,25.69
B 4576,HD 118801,7.5,12.97
B 4578,HD 118870,7.5,17.64
B 4579,HD 118877,7.0,34.19
B 4580,HD 118978,6.0,13.70
B 4581,HD 118947,7.0,15.65
B 4582,HD 118991,6.0,15.69
B 4583,HD 118962,7.0,16.59
B 4584,HD 119020,7.0,11.28
B 4586,HD 119076,7.0,12.16
B 4587,HD 118998,6.5,37.59
B 4588,HD 119073,8.0,20.89
B 4589,HD 118986,7.0,17.59
B 4590,HD 119164,7.0,9.10
B 4591,HD 119159,6.0,16.87
B 4592,HD 119103,7.0,29.62
B 4593,HD 119062,7.0,40.98
B 4594,HD 119193,6.5,12.47
B 4595,HD 119256,7.5,6.50
B 4596,HD 119222,7.0,25.24
B 4597,HD 119283,7.0,10.75
B 4598,HD 119312,7.5,10.09
B 4599,HD 119250,7.0,22.16
B 4600,HD 119251,7.0,15.65
B 4601,HD 119250,7.0,16.77
B 4602,HD 119361,6.0,31.62
B 4603,HD 119378,6.5,14.24
B 4604,HD 119419,6.5,13.24
B 4605,HD 119415,7.0,20.16
B 4606,HD 119512,9.0,8.78
B 4607,HD 119600,7.0,20.64
B 4608,HD 119646,7.0,13.91
B 4609,HD 119419,7.0,22.91
B 4610,HD 119682,8.0,3.39
B 4611,HD 119699,6.5,15.60
B 4612,HD 119718,8.0,30.34
B 4613,HD 119629,7.0,21.58
B 4615,HD 119727,6.5,16.13
B 4617,HD 119796,7.0,15.76
B 4618,HD 119834,6.0,16.72
B 4619,HD 119756,5.0,34.89
B 4620,HD 119752,6.0,23.19
B 4621,HD 119857,7.0,18.16
B 4622,HD 119884,7.0,3.93
B 4623,HD 119786,6.0,19.07
B 4624,HD 119896,8.5,15.74
B 4625,HD 119974,7.5,13.91
B 4626,HD 119970,7.0,11.53
B 4627,HD 119921,6.0,27.60
B 4628,HD 120230,7.0,8.62
B 4632,HD 120098,8.0,17.03
B 4633,HD 120211,7.0,26.72
B 4634,HD 120144,7.5,15.29
B 4635,HD 120052,5.0,13.52
B 4636,HD 120177,7.0,33.22
B 4638,HD 120207,7.0,41.41
B 4639,HD 120508,7.0,1.94
B 4640,HD 120237,7.0,21.79
B 4641,HD 120211,7.0,20.50
B 4642,HD 120272,7.0,17.28
B 4643,HD 120272,7.0,21.16
B 4644,HD 120307,4.0,23.08
B 4645,HD 120324,4.0,24.24
B 4646,HD 120400,7.5,15.99
B 4647,HD 120323,5.0,18.98
B 4648,HD 120459,8.0,25.24
B 4649,HD 120613,7.0,22.81
B 4650,HD 120559,8.0,13.84
B 4651,HD 120285,6.5,29.26
B 4653,HD 120452,5.5,12.20
B 4654,HD 120675,7.0,31.35
B 4657,HD 120640,6.0,20.29
B 4658,HD 120675,7.0,18.60
B 4659,HD 120672,6.0,12.68
B 4660,HD 120780,7.0,26.02
B 4661,HD 120691,7.0,18.83
B 4662,HD 120709,5.0,22.87
B 4664,HD 120807,7.0,18.17
B 4665,HD 120908,6.0,16.05
B 4666,HD 121439,6.0,23.56
B 4667,HD 121009,6.5,15.15
B 4668,HD 120991,6.0,15.64
B 4669,HD 120955,5.0,24.40
B 4670,HD 120974,8.0,15.51
B 4671,HD 120987,6.0,19.74
B 4672,HD 121092,8.0,9.54
B 4673,HD 121209,7.0,3.80
B 4674,HD 121160,8.0,11.71
B 4675,HD 121192,8.0,23.77
B 4676,HD 121141,7.0,21.90
B 4677,HD 121190,6.0,19.35
B 4679,HD 121157,7.0,34.92
B 4680,HD 121226,7.0,13.00
B 4681,HD 121156,6.0,39.70
B 4682,HD 121187,7.0,28.19
B 4683,HD 121263,3.0,15.00
B 4684,HD 121293,7.0,16.42
B 4685,HD 121336,6.0,16.09
B 4687,HD 121474,6.0,13.30
B 4688,HD 121359,7.0,19.91
B 4689,HD 121384,6.0,10.78
B 4690,HD 121333,7.0,13.83
B 4691,HD 121402,7.0,20.02
B 4692,HD 121358,7.0,21.70
B 4693,HD 121662,7.0,20.31
B 4694,HD 121542,8.0,13.98
B 4695,HD 121527,7.0,62.84
B 4696,HD 121708,7.0,3.27
B 4697,HD 121539,7.0,16.28
B 4698,HD 121620,7.5,4.32
B 4699,HD 121524,7.0,21.10
B 4700,HD 121638,7.0,29.78
B 4701,HD 121617,8.0,19.44
B 4702,HD 121579,6.0,40.19
B 4703,HD 121746,7.0,11.88
B 4704,HD 121743,5.0,20.04
B 4705,HD 121932,6.5,19.38
B 4706,HD 121759,7.0,14.14
B 4707,HD 121790,5.0,25.17
B 4708,HD 121901,6.5,15.29
B 4709,HD 121853,6.5,15.30
B 4710,HD 121769,7.0,4.58
B 4711,HD 121849,7.0,17.69
B 4712,HD 122250,6.0,6.69
B 4713,HD 122062,7.5,15.90
B 4714,HD 122118,7.0,9.02
B 4715,HD 122097,7.0,16.16
B 4716,HD 122015,7.0,19.76
B 4717,HD 122096,7.0,10.70
B 4718,HD 122116,7.5,17.37
B 4719,HD 122141,7.5,15.82
B 4720,HD 122158,7.0,24.30
B 4722,HD 122281,8.0,22.03
B 4723,HD 122419,7.0,8.04
B 4724,HD 122297,8.0,27.51
B 4725,HD 122311,8.0,42.69
B 4726,HD 122156,7.0,17.12
B 4727,HD 122195,7.0,8.90
B 4728,HD 122210,6.0,12.65
B 4729,HD 122223,6.0,21.22
B 4730,HD 122222,7.0,5.42
B 4731,HD 122454,8.0,14.10
B 4733,HD 122451,1.0,13.98
B 4734,HD 122355,7.0,15.65
B 4735,HD 122438,6.0,16.51
B 4736,HD 122449,8.0,13.13
B 4737,HD 122479,7.0,17.60
B 4739,HD 122476,7.0,42.59
B 4740,HD 122532,7.0,17.28
B 4741,HD 122510,7.0,28.85
B 4742,HD 122613,7.5,14.56
B 4743,HD 122666,8.0,9.69
B 4744,HD 122666,7.0,22.58
B 4746,HD 122844,6.0,23.12
B 4747,HD 122844,6.5,29.50
B 4748,HD 122879,6.5,19.23
B 4749,HD 122905,7.5,10.61
B 4750,HD 122824,8.0,19.92
B 4752,HD 122926,7.0,15.20
B 4753,HD 123151,7.0,14.05
B 4754,HD 123056,7.5,10.86
B 4756,HD 122982,8.0,19.66
B 4757,HD 122980,5.0,21.49
B 4758,HD 123151,6.5,11.14
B 4760,HD 123112,7.0,21.73
B 4761,HD 123377,6.5,12.73
B 4764,HD 123110,7.0,25.94
B 4765,HD 123123,5.0,46.46
B 4766,HD 123139,3.0,20.95
B 4767,HD 123227,7.0,9.81
B 4768,HD 123247,6.0,29.31
B 4769,HD 123335,6.5,9.41
B 4770,HD 123222,7.0,24.80
B 4771,HD 123492,7.0,3.04
B 4772,HD 123998,6.0,5.89
B 4773,HD 123448,8.0,8.05
B 4774,HD 123448,7.0,9.15
B 4775,HD 123344,7.0,25.14
B 4776,HD 123416,8.0,72.69
B 4777,HD 123445,6.5,21.81
B 4778,HD 123515,6.0,21.93
B 4779,HD 123569,6.0,17.56
B 4780,HD 124099,6.5,2.11
B 4781,HD 123779,7.5,7.47
B 4782,HD 123603,7.0,15.20
B 4783,HD 123664,7.0,17.63
B 4784,HD 123720,7.5,5.65
B 4785,HD 123775,7.0,6.67
B 4786,HD 123732,8.0,5.90
B 4787,HD 123797,6.5,24.54
B 4788,HD 123816,8.0,24.22
B 4789,HD 123794,7.5,27.70
B 4790,HD 124882,5.5,7.83
B 4791,HD 124051,7.0,11.40
B 4792,HD 123869,7.5,10.90
B 4793,HD 124013,7.0,9.62
B 4795,HD 124197,6.0,15.21
B 4796,HD 124167,8.0,10.07
B 4797,HD 123934,5.0,16.89
B 4798,HD 124147,6.0,23.08
B 4799,HD 124771,6.0,3.36
B 4800,HD 124195,6.5,14.07
B 4801,HD 124195,6.0,9.87
B 4802,HD 124163,7.0,21.90
B 4803,HD 124176,7.0,12.06
B 4804,HD 124328,7.0,5.92
B 4805,HD 124254,7.5,16.31
B 4806,HD 124314,7.0,15.71
B 4808,HD 124297,7.0,13.64
B 4809,HD 124206,6.0,36.93
B 4810,HD 124367,6.0,10.46
B 4811,HD 124471,6.0,9.00
B 4812,HD 124281,6.5,37.76
B 4813,HD 124314,7.0,16.97
B 4814,HD 124328,7.0,14.79
B 4815,HD 124454,6.5,2.10
B 4816,HD 124834,7.0,10.17
B 4817,HD 124672,7.0,10.02
B 4819,HD 124483,7.0,21.40
B 4820,HD 124620,7.0,19.52
B 4821,HD 124539,7.5,24.52
B 4822,HD 124580,6.5,14.67
B 4823,HD 124749,7.5,19.34
B 4824,HD 124576,7.0,2.98
B 4825,HD 124812,6.5,14.90
B 4826,HD 124740,8.0,11.04
B 4827,HD 124876,8.0,13.16
B 4828,HD 124893,7.0,26.69
B 4829,HD 124811,7.0,12.27
B 4830,HD 125015,7.5,9.67
B 4831,HD 126124,7.5,10.14
B 4832,HD 125011,7.0,19.11
B 4833,HD 125072,7.0,15.08
B 4834,HD 124961,8.0,12.65
B 4835,HD 125088,7.5,27.61
B 4836,HD 125104,7.0,10.16
B 4838,HD 125027,7.0,27.77
B 4839,HD 125205,7.0,12.76
B 4840,HD 124897,1.0,15.31
B 4842,HD 125205,8.0,14.63
B 4843,HD 125621,7.5,5.13
B 4844,HD 125317,7.0,17.48
B 4845,HD 125287,7.0,14.47
B 4846,HD 125782,7.0,11.74
B 4847,HD 125288,6.0,12.41
B 4848,HD 125238,5.0,27.92
B 4849,HD 125253,8.0,25.09
B 4850,HD 125466,8.0,9.23
B 4851,HD 125283,6.5,6.72
B 4852,HD 125248,6.5,36.30
B 4853,HD 125782,8.0,7.14
B 4854,HD 125279,6.5,21.30
B 4855,HD 125276,5.0,24.21
B 4856,HD 125447,8.0,11.29
B 4857,HD 125343,7.0,16.57
B 4858,HD 125444,7.0,16.18
B 4859,HD 125442,6.0,21.36
B 4860,HD 125545,7.5,18.13
B 4861,HD 125494,7.0,74.82
B 4863,HD 125473,5.0,25.05
B 4864,HD 125628,6.0,13.18
B 4865,HD 125628,9.0,14.59
B 4866,HD 125509,7.0,28.08
B 4867,HD 125669,7.0,10.29
B 4868,HD 125687,8.0,21.29
B 4869,HD 125835,6.0,11.68
B 4870,HD 125649,8.0,11.78
B 4871,HD 125647,7.5,1.94
B 4872,HD 125766,8.0,27.20
B 4873,HD 125721,6.0,19.99
B 4874,HD 126209,7.0,8.68
B 4875,HD 126209,7.0,6.69
B 4876,HD 125880,8.0,9.97
B 4877,HD 125681,7.0,16.83
B 4878,HD 125810,6.5,12.64
B 4879,HD 125745,6.0,21.30
B 4880,HD 125809,7.0,10.13
B 4881,HD 125869,7.0,19.02
B 4882,HD 125805,7.5,32.12
B 4883,HD 125823,5.0,20.85
B 4884,HD 125866,6.0,24.28
B 4885,HD 125953,8.0,5.05
B 4886,HD 129723,6.0,38.40
B 4887,HD 125932,6.0,20.87
B 4888,HD 126360,8.0,20.93
B 4889,HD 126241,6.5,5.21
B 4890,HD 126115,7.0,13.96
B 4891,HD 126182,7.0,24.40
B 4894,HD 126111,6.5,22.32
B 4895,HD 126057,7.0,37.89
B 4896,HD 126198,8.0,18.02
B 4897,HD 126135,7.0,25.29
B 4898,HD 126343,7.0,12.98
B 4899,HD 126391,8.0,7.14
B 4900,HD 126194,7.0,10.50
B 4901,HD 126673,8.0,4.60
B 4902,HD 126341,5.0,25.09
B 4903,HD 126354,5.0,27.03
B 4904,HD 126386,6.0,25.48
B 4905,HD 126334,7.0,15.79
B 4908,HD 126447,7.5,21.96
B 4909,HD 126504,6.0,17.67
B 4911,HD 126475,7.0,18.15
B 4912,HD 126610,6.5,9.24
B 4913,HD 126524,8.0,20.72
B 4914,HD 126548,8.0,17.78
B 4915,HD 126655,7.5,9.97
B 4916,HD 126606,7.0,14.07
B 4917,HD 126692,7.0,20.79
B 4918,HD 126862,6.0,8.07
B 4919,HD 126620,7.0,23.94
B 4920,HD 127092,8.0,17.21
B 4921,HD 126502,7.5,26.93
B 4922,HD 126759,7.0,4.38
B 4923,HD 126859,7.5,16.88
B 4924,HD 126823,7.0,21.74
B 4925,HD 126769,6.0,36.79
B 4926,HD 126922,8.0,7.75
B 4927,HD 126903,8.0,13.47
B 4928,HD 126983,6.0,21.95
B 4929,HD 127369,7.0,8.20
B 4930,HD 126981,6.0,21.81
B 4931,HD 126997,7.5,28.49
B 4932,HD 127058,9.0,6.33
B 4933,HD 127317,7.0,9.92
B 4934,HD 127082,8.0,12.49
B 4935,HD 127154,7.0,17.50
B 4936,HD 127195,7.0,8.55
B 4937,HD 127297,7.0,9.59
B 4938,HD 127296,7.5,14.54
B 4939,HD 127490,7.5,9.80
B 4940,HD 127193,6.5,27.03
B 4941,HD 127346,7.0,28.18
B 4942,HD 127273,7.0,25.98
B 4943,HD 127254,7.0,16.16
B 4944,HD 127449,7.5,15.10
B 4945,HD 127381,5.0,21.28
B 4946,HD 127427,8.0,1.83
B 4947,HD 127574,7.0,5.65
B 4948,HD 127502,8.0,22.38
B 4949,HD 127444,8.0,14.88
B 4950,HD 127501,6.5,27.50
B 4951,HD 127498,7.5,20.86
B 4952,HD 127785,7.0,24.77
B 4953,HD 127724,7.0,12.30
B 4954,HD 127756,7.0,19.02
B 4955,HD 127629,7.5,26.54
B 4956,HD 127629,6.5,16.26
B 4957,HD 127753,7.0,11.10
B 4958,HD 127850,8.0,22.88
B 4959,HD 128294,6.5,8.62
B 4960,HD 127716,6.0,23.87
B 4961,HD 127750,7.5,22.50
B 4962,HD 128020,7.0,6.38
B 4963,HD 128075,7.0,9.31
B 4964,HD 127864,7.0,17.86
B 4965,HD 127894,7.0,32.17
B 4966,HD 127976,7.0,24.92
B 4967,HD 127974,7.0,27.14
B 4968,HD 127972,3.0,28.46
B 4969,HD 127971,6.0,11.74
B 4970,HD 128293,7.0,15.09
B 4971,HD 128068,6.0,20.56
B 4972,HD 128154,7.0,12.08
B 4973,HD 128152,7.0,18.74
B 4974,HD 128266,6.0,23.62
B 4975,HD 128398,7.0,13.70
B 4977,HD 128344,7.5,14.67
B 4978,HD 128343,7.0,28.84
B 4979,HD 128415,7.0,17.63
B 4980,HD 129078,5.0,3.33
B 4982,HD 128413,6.5,22.00
B 4983,HD 128555,9.0,35.11
B 4984,HD 128535,8.0,72.18
B 4986,HD 128555,8.0,14.01
B 4987,HD 128582,6.0,23.64
B 4988,HD 128617,6.0,19.75
B 4989,HD 128617,6.5,17.96
B 4990,HD 128620,4.0,26.33
B 4991,HD 128620,1.0,13.33
B 4992,HD 128532,7.0,14.65
B 4993,HD 128651,0.0,24.23
B 4994,HD 128614,8.0,24.58
B 4995,HD 128898,4.0,14.88
B 4996,HD 128726,8.0,25.80
B 4997,HD 128760,8.0,39.71
B 4998,HD 128775,7.0,28.46
B 4999,HD 128917,7.0,9.42
B 5000,HD 128788,8.0,34.59
B 5001,HD 129041,8.0,18.88
B 5002,HD 128875,8.0,12.81
B 5003,HD 129070,7.0,5.54
B 5004,HD 129092,7.0,1.17
B 5005,HD 129017,7.5,24.14
B 5006,HD 128819,7.0,33.11
B 5007,HD 129056,3.0,27.92
B 5008,HD 128855,7.0,14.05
B 5009,HD 129070,8.0,23.88
B 5010,HD 129118,7.5,19.71
B 5011,HD 129116,5.0,25.41
B 5012,HD 129221,8.0,83.84
B 5013,HD 129160,7.0,38.23
B 5014,HD 129161,7.0,31.31
B 5015,HD 129422,6.5,7.95
B 5016,HD 129281,7.0,14.70
B 5017,HD 129281,7.0,13.94
B 5018,HD 129216,7.0,27.13
B 5019,HD 129532,7.5,20.02
B 5020,HD 129740,7.0,19.07
B 5021,HD 129462,7.0,13.58
B 5022,HD 130650,6.0,3.61
B 5023,HD 129364,8.5,14.77
B 5024,HD 129557,7.0,16.62
B 5025,HD 129436,8.0,15.45
B 5026,HD 129578,8.0,14.49
B 5027,HD 129811,7.0,4.47
B 5028,HD 129740,7.5,9.07
B 5029,HD 129456,5.0,26.50
B 5030,HD 129577,7.5,7.92
B 5031,HD 129433,6.0,39.15
B 5032,HD 129795,7.0,11.76
B 5033,HD 129862,7.0,7.80
B 5034,HD 129623,8.0,19.44
B 5035,HD 129623,8.0,5.94
B 5038,HD 129954,7.0,6.37
B 5039,HD 129685,6.0,13.28
B 5040,HD 130140,8.0,24.53
B 5041,HD 129791,7.0,28.30
B 5042,HD 129732,7.5,5.26
B 5043,HD 129894,7.0,19.12
B 5044,HD 129893,6.0,21.32
B 5045,HD 129858,6.0,15.53
B 5046,HD 131246,6.0,1.90
B 5047,HD 130017,8.0,3.13
B 5048,HD 129946,8.0,15.80
B 5049,HD 130287,7.0,4.80
B 5050,HD 130458,6.0,5.60
B 5052,HD 130055,6.5,21.43
B 5053,HD 130073,7.0,16.91
B 5054,HD 130286,7.0,7.98
B 5056,HD 130119,8.0,22.01
B 5057,HD 130227,6.0,15.39
B 5058,HD 130163,7.0,18.97
B 5059,HD 130377,7.5,18.31
B 5062,HD 130311,7.0,14.12
B 5063,HD 130328,6.5,10.24
B 5064,HD 130418,7.0,15.92
B 5065,HD 130551,7.0,14.28
B 5066,HD 130388,7.0,19.81
B 5068,HD 130572,6.0,13.01
B 5069,HD 130543,8.5,17.85
B 5070,HD 130942,7.0,7.99
B 5071,HD 130940,7.0,13.45
B 5072,HD 130831,6.5,11.78
B 5074,HD 130697,7.0,14.84
B 5075,HD 130697,7.0,14.84
B 5076,HD 130697,7.0,10.84
B 5078,HD 131425,7.0,11.96
B 5079,HD 131058,6.0,11.12
B 5080,HD 130694,6.0,23.69
B 5081,HD 130807,5.0,16.16
B 5082,HD 130932,7.0,17.11
B 5083,HD 130903,9.0,9.07
B 5085,HD 131551,7.0,11.37
B 5086,HD 131229,7.0,10.59
B 5087,HD 131217,7.0,7.69
B 5090,HD 131120,6.0,18.41
B 5091,HD 131117,7.0,22.37
B 5092,HD 131342,6.0,10.04
B 5093,HD 131140,7.0,6.53
B 5094,HD 131376,6.5,12.53
B 5095,HD 131491,7.0,11.75
B 5096,HD 131492,6.0,8.30
B 5097,HD 131374,8.0,23.31
B 5098,HD 131295,7.0,19.12
B 5099,HD 131306,7.0,11.78
B 5100,HD 131464,7.0,23.13
B 5101,HD 131464,8.0,7.26
B 5102,HD 131399,7.0,39.84
B 5103,HD 131562,6.0,12.55
B 5105,HD 131415,7.0,27.90
B 5106,HD 131545,8.0,20.36
B 5107,HD 131782,7.0,17.18
B 5108,HD 131707,8.0,47.35
B 5109,HD 132501,7.0,0.99
B 5110,HD 131643,7.0,13.99
B 5111,HD 132004,7.0,10.23
B 5112,HD 131657,6.5,43.87
B 5113,HD 131705,6.5,16.92
B 5114,HD 131637,7.0,11.30
B 5115,HD 131625,6.0,26.61
B 5116,HD 131703,7.5,19.00
B 5117,HD 131338,8.0,11.92
B 5118,HD 131752,7.0,23.28
B 5119,HD 131945,7.5,22.40
B 5120,HD 131774,6.5,18.96
B 5121,HD 131837,7.0,1.26
B 5122,HD 131923,7.0,8.80
B 5123,HD 131921,8.0,28.17
B 5125,HD 132930,7.5,15.57
B 5126,HD 132101,7.5,25.19
B 5127,HD 132101,7.0,16.26
B 5128,HD 132101,6.5,0.77
B 5129,HD 132058,3.0,17.52
B 5130,HD 132122,7.0,18.61
B 5131,HD 132121,7.5,21.29
B 5132,HD 132206,8.0,16.77
B 5133,HD 132200,3.0,25.86
B 5134,HD 132202,7.0,17.14
B 5136,HD 132238,7.0,25.43
B 5137,HD 132219,6.0,35.80
B 5138,HD 132301,7.0,11.47
B 5139,HD 132481,7.0,6.83
B 5140,HD 132381,8.0,30.59
B 5141,HD 132347,7.0,25.01
B 5143,HD 133581,9.0,18.24
B 5144,HD 132552,7.0,13.89
B 5145,HD 132606,8.0,15.61
B 5146,HD 132713,8.0,16.50
B 5147,HD 132551,8.0,4.85
B 5148,HD 132604,6.5,19.65
B 5149,HD 132905,6.0,12.64
B 5150,HD 132602,7.0,18.11
B 5151,HD 132840,7.0,17.68
B 5152,HD 132783,8.0,8.82
B 5153,HD 132839,9.0,36.11
B 5154,HD 132985,7.0,28.18
B 5155,HD 132985,7.0,12.17
B 5156,HD 132984,7.0,4.30
B 5157,HD 132851,6.5,25.28
B 5158,HD 133169,7.0,38.35
B 5159,HD 132999,8.0,10.32
B 5160,HD 133044,8.0,8.64
B 5161,HD 133169,8.0,13.66
B 5162,HD 132960,7.5,12.28
B 5163,HD 133921,7.5,10.15
B 5164,HD 133016,8.0,11.02
B 5165,HD 133077,7.0,26.44
B 5166,HD 133242,5.0,21.22
B 5167,HD 133220,7.0,18.38
B 5168,HD 133638,6.5,4.09
B 5170,HD 133399,6.0,14.95
B 5171,HD 133340,6.0,22.01
B 5172,HD 133557,7.0,14.97
B 5173,HD 133295,7.0,14.83
B 5174,HD 133518,6.5,16.03
B 5175,HD 133699,7.0,5.01
B 5176,HD 133792,6.5,15.04
B 5177,HD 133469,7.0,24.08
B 5178,HD 133550,7.0,19.13
B 5179,HD 133631,6.0,21.90
B 5180,HD 133790,7.0,7.01
B 5181,HD 134583,8.0,13.17
B 5182,HD 133820,7.0,25.93
B 5183,HD 134102,7.0,3.96
B 5184,HD 133880,6.5,16.90
B 5185,HD 133955,5.0,22.82
B 5186,HD 133937,7.0,25.01
B 5187,HD 133953,8.0,19.04
B 5188,HD 134001,7.0,15.08
B 5189,HD 134453,6.0,4.59
B 5190,HD 134184,8.0,14.72
B 5191,HD 134054,7.0,22.45
B 5192,HD 134094,8.0,10.93
B 5193,HD 134270,6.0,19.88
B 5194,HD 134468,7.0,7.17
B 5195,HD 135383,8.0,7.81
B 5196,HD 134313,7.5,11.02
B 5197,HD 134218,7.5,3.00
B 5198,HD 134449,8.0,13.55
B 5199,HD 134267,8.0,27.90
B 5200,HD 134267,8.0,45.23
B 5201,HD 134331,7.0,9.59
B 5202,HD 134395,8.0,20.47
B 5203,HD 134483,7.0,20.83
B 5204,HD 134505,4.0,18.15
B 5206,HD 134444,7.0,9.96
B 5208,HD 134426,9.0,2.47
B 5209,HD 134657,7.0,16.68
B 5210,HD 134443,8.0,27.09
B 5211,HD 134443,7.0,15.87
B 5212,HD 134598,8.0,18.01
B 5213,HD 134672,7.5,10.67
B 5214,HD 134642,8.0,16.74
B 5215,HD 134597,7.0,4.51
B 5216,HD 134785,7.5,21.19
B 5217,HD 134820,7.5,1.70
B 5218,HD 134574,7.0,30.96
B 5219,HD 134687,6.0,21.55
B 5220,HD 134959,8.0,8.53
B 5221,HD 134837,6.0,14.91
B 5222,HD 134874,8.0,3.48
B 5223,HD 134913,8.0,3.79
B 5224,HD 134930,7.5,8.40
B 5225,HD 135160,6.0,12.99
B 5226,HD 134929,8.0,20.38
B 5227,HD 135382,3.0,10.87
B 5228,HD 135240,7.0,17.79
B 5229,HD 135240,6.0,14.80
B 5231,HD 135291,6.0,12.92
B 5232,HD 135132,9.0,6.24
B 5233,HD 135051,7.0,20.07
B 5235,HD 135235,6.0,32.14
B 5236,HD 135379,5.0,13.10
B 5237,HD 135153,6.0,16.59
B 5238,HD 135310,6.0,19.80
B 5239,HD 135477,8.0,12.85
B 5240,HD 137333,6.0,4.66
B 5241,HD 135460,8.0,8.49
B 5242,HD 135348,6.0,13.16
B 5243,HD 135345,6.0,12.77
B 5245,HD 135416,7.0,22.17
B 5246,HD 135343,8.0,63.86
B 5247,HD 135454,8.0,5.41
B 5248,HD 135430,6.5,22.93
B 5249,HD 135591,7.0,2.78
B 5250,HD 135454,7.0,17.83
B 5251,HD 135674,7.0,20.55
B 5252,HD 135538,9.0,14.04
B 5253,HD 135674,7.0,8.34
B 5254,HD 135689,7.0,10.04
B 5255,HD 135624,8.0,5.83
B 5256,HD 135625,8.0,5.91
B 5257,HD 135669,7.0,12.32
B 5258,HD 135750,8.0,44.14
B 5259,HD 135534,6.0,38.83
B 5260,HD 135734,5.0,19.57
B 5261,HD 135734,7.0,18.73
B 5262,HD 135730,7.0,28.80
B 5263,HD 135917,7.5,6.26
B 5264,HD 135760,7.0,4.95
B 5265,HD 135861,8.0,27.53
B 5266,HD 135758,5.0,19.33
B 5267,HD 136003,7.0,18.44
B 5268,HD 135876,6.0,5.13
B 5269,HD 135878,8.0,4.75
B 5271,HD 136113,7.0,10.48
B 5272,HD 136226,8.0,20.08
B 5273,HD 136014,7.0,12.04
B 5274,HD 136286,9.0,29.30
B 5275,HD 136225,7.0,8.55
B 5276,HD 136239,8.0,23.54
B 5277,HD 136285,8.0,14.53
B 5278,HD 136303,8.0,30.23
B 5279,HD 136187,7.0,14.91
B 5280,HD 136359,6.5,19.82
B 5281,HD 136164,7.5,12.00
B 5282,HD 136301,7.0,7.24
B 5283,HD 136415,6.0,15.33
B 5284,HD 136672,6.0,8.42
B 5285,HD 136298,4.0,20.28
B 5286,HD 136351,5.0,21.12
B 5287,HD 136334,7.0,15.50
B 5289,HD 136537,7.0,18.99
B 5290,HD 136505,7.0,9.85
B 5291,HD 136466,8.0,22.88
B 5292,HD 136537,7.0,3.51
B 5293,HD 136422,5.0,16.28
B 5294,HD 136504,4.0,21.62
B 5295,HD 136501,7.0,15.77
B 5296,HD 136550,8.0,10.67
B 5297,HD 136707,7.5,35.52
B 5298,HD 136739,7.5,25.15
B 5299,HD 136664,6.0,21.55
B 5300,HD 136646,7.0,12.09
B 5301,HD 136899,7.5,6.23
B 5302,HD 137387,6.0,7.36
B 5303,HD 136857,8.0,17.43
B 5304,HD 137065,8.0,1.35
B 5305,HD 136947,7.0,23.99
B 5306,HD 136945,8.0,8.20
B 5307,HD 136937,7.0,19.52
B 5308,HD 136933,6.0,28.52
B 5309,HD 136894,7.0,40.55
B 5310,HD 136961,7.0,23.33
B 5311,HD 137345,7.0,32.36
B 5312,HD 137384,7.0,6.31
B 5314,HD 137345,7.0,28.81
B 5315,HD 137315,9.0,27.79
B 5316,HD 137119,7.0,20.29
B 5317,HD 137315,8.0,11.54
B 5318,HD 137354,8.0,28.13
B 5319,HD 137232,8.0,12.54
B 5320,HD 137193,7.0,8.45
B 5321,HD 137247,7.0,18.21
B 5322,HD 137313,7.0,22.19
B 5323,HD 137261,7.0,24.05
B 5324,HD 137323,8.0,4.86
B 5325,HD 137626,7.5,8.12
B 5326,HD 137714,8.0,6.70
B 5327,HD 137119,7.0,14.71
B 5328,HD 137434,7.5,21.87
B 5329,HD 137522,7.5,48.76
B 5330,HD 137683,7.0,16.52
B 5331,HD 137465,6.5,22.40
B 5332,HD 137700,7.5,10.67
B 5333,HD 137583,6.5,8.06
B 5334,HD 137432,6.0,17.27
B 5335,HD 138171,7.0,16.41
B 5336,HD 138289,6.0,5.47
B 5337,HD 137620,7.0,16.52
B 5338,HD 137676,7.5,21.66
B 5339,HD 137657,8.5,6.70
B 5340,HD 137678,7.0,16.30
B 5341,HD 137619,7.5,19.81
B 5342,HD 137595,7.0,34.83
B 5343,HD 137617,7.0,18.07
B 5344,HD 137709,6.0,19.00
B 5345,HD 137866,7.0,1.06
B 5346,HD 137785,7.0,4.07
B 5347,HD 137903,7.5,3.70
B 5348,HD 138380,7.0,7.76
B 5349,HD 137798,7.0,19.39
B 5350,HD 137785,6.5,2.96
B 5351,HD 137919,7.0,30.40
B 5352,HD 137958,7.0,7.24
B 5353,HD 138093,8.0,21.30
B 5354,HD 138153,7.5,15.78
B 5355,HD 138109,7.5,16.51
B 5356,HD 138242,8.0,29.92
B 5357,HD 138093,8.0,27.77
B 5358,HD 138092,8.0,9.55
B 5359,HD 138140,7.5,24.88
B 5360,HD 138319,8.0,13.34
B 5361,HD 138046,7.0,19.26
B 5362,HD 138150,7.0,25.07
B 5363,HD 138191,6.5,16.95
B 5365,HD 138138,7.0,35.34
B 5366,HD 138499,7.0,3.86
B 5367,HD 138758,7.0,5.22
B 5368,HD 138867,6.0,2.50
B 5369,HD 138204,6.5,14.24
B 5370,HD 138497,7.0,11.11
B 5371,HD 138363,7.5,14.76
B 5372,HD 138538,5.0,10.85
B 5373,HD 138800,6.0,2.09
B 5374,HD 138536,8.0,14.61
B 5375,HD 138519,8.5,18.82
B 5376,HD 138395,7.0,23.81
B 5377,HD 138622,7.5,26.63
B 5378,HD 138694,8.0,15.70
B 5379,HD 138564,7.0,20.56
B 5380,HD 138690,3.0,16.09
B 5381,HD 138848,8.0,18.15
B 5382,HD 138600,7.0,7.61
B 5383,HD 138910,8.0,16.82
B 5384,HD 138769,6.0,19.45
B 5385,HD 138688,6.0,24.44
B 5386,HD 138878,8.0,10.78
B 5387,HD 138895,8.0,6.38
B 5388,HD 138816,6.0,18.94
B 5389,HD 139000,7.0,11.54
B 5390,HD 138940,7.0,15.94
B 5391,HD 138975,8.0,7.58
B 5392,HD 139022,7.0,26.22
B 5393,HD 139022,7.0,10.20
B 5394,HD 139211,6.0,15.43
B 5395,HD 139339,7.0,18.26
B 5396,HD 139129,6.0,26.25
B 5397,HD 139236,7.0,26.60
B 5398,HD 139107,9.0,15.31
B 5399,HD 139127,6.0,29.80
B 5400,HD 139063,5.0,29.50
B 5401,HD 139312,7.0,12.45
B 5402,HD 139206,7.5,19.92
B 5403,HD 139234,8.0,30.21
B 5404,HD 139160,7.0,22.15
B 5405,HD 140316,7.0,3.08
B 5406,HD 139365,5.0,21.73
B 5407,HD 139431,7.0,17.94
B 5408,HD 139616,7.0,14.80
B 5409,HD 139599,7.0,18.04
B 5410,HD 139521,6.0,21.84
B 5411,HD 139579,8.0,12.01
B 5412,HD 139598,6.5,26.63
B 5413,HD 139792,8.0,10.83
B 5414,HD 139519,7.0,11.91
B 5415,HD 139631,8.0,20.36
B 5416,HD 139664,6.0,19.25
B 5417,HD 139613,7.0,26.23
B 5418,HD 139915,7.0,6.43
B 5419,HD 139677,7.0,29.73
B 5420,HD 139676,7.0,28.20
B 5421,HD 139913,7.5,8.18
B 5422,HD 139828,7.0,13.70
B 5423,HD 139663,6.0,19.77
B 5424,HD 139871,6.5,7.98
B 5425,HD 140043,8.0,32.98
B 5426,HD 140097,7.0,7.33
B 5427,HD 140002,7.0,22.98
B 5428,HD 140002,7.5,19.09
B 5429,HD 139899,8.0,21.66
B 5430,HD 139960,8.0,17.78
B 5431,HD 139867,7.0,17.08
B 5432,HD 139882,7.0,26.83
B 5433,HD 139984,7.0,20.31
B 5434,HD 140079,7.0,9.25
B 5435,HD 140203,8.5,15.48
B 5436,HD 140109,8.0,27.00
B 5437,HD 139980,6.0,13.65
B 5438,HD 140175,8.5,16.39
B 5439,HD 140130,6.0,17.09
B 5440,HD 140008,6.0,29.02
B 5441,HD 140037,7.0,4.28
B 5442,HD 140483,6.0,7.53
B 5443,HD 140198,8.0,6.70
B 5444,HD 140220,8.0,11.49
B 5445,HD 140274,6.0,12.18
B 5446,HD 140406,6.0,15.22
B 5447,HD 140285,7.0,15.81
B 5449,HD 140285,6.5,17.10
B 5450,HD 140504,6.5,7.16
B 5451,HD 140447,8.0,22.30
B 5452,HD 140329,7.0,11.76
B 5453,HD 140391,9.0,22.97
B 5454,HD 140605,7.0,34.50
B 5455,HD 140520,8.0,8.43
B 5456,HD 140619,7.0,14.79
B 5457,HD 140602,8.0,34.67
B 5458,HD 140826,6.5,16.30
B 5459,HD 140807,8.0,11.91
B 5460,HD 140690,8.0,25.79
B 5461,HD 140704,8.0,19.32
B 5462,HD 140636,7.0,30.14
B 5463,HD 140758,8.0,16.84
B 5464,HD 140687,6.0,44.72
B 5465,HD 140926,7.0,4.04
B 5466,HD 140882,7.5,10.31
B 5467,HD 140757,9.0,8.97
B 5468,HD 140784,6.0,20.04
B 5469,HD 140925,7.0,30.03
B 5470,HD 141396,7.0,4.00
B 5471,HD 140841,7.0,19.16
B 5472,HD 140925,8.0,10.04
B 5474,HD 140979,6.5,13.45
B 5475,HD 140861,6.5,24.45
B 5476,HD 141171,7.5,33.61
B 5477,HD 141261,7.0,4.35
B 5478,HD 140901,6.0,33.03
B 5479,HD 141054,7.0,20.08
B 5480,HD 140977,7.0,19.43
B 5481,HD 141053,8.5,17.77
B 5482,HD 140973,7.0,37.39
B 5483,HD 141136,8.0,29.03
B 5484,HD 141168,6.0,18.56
B 5485,HD 141194,6.0,21.74
B 5486,HD 141318,6.0,11.32
B 5487,HD 141257,7.5,16.35
B 5488,HD 141107,7.0,18.39
B 5489,HD 141296,6.0,2.70
B 5490,HD 141585,7.0,19.86
B 5491,HD 141767,6.0,9.41
B 5492,HD 141583,7.0,13.33
B 5493,HD 141621,8.0,31.94
B 5494,HD 141544,6.0,13.86
B 5495,HD 141562,8.0,18.53
B 5496,HD 141647,7.0,8.43
B 5497,HD 141891,3.0,21.76
B 5498,HD 141645,7.5,12.49
B 5499,HD 141556,5.0,15.21
B 5500,HD 141724,6.0,19.31
B 5501,HD 141687,6.0,24.52
B 5502,HD 141743,8.5,24.08
B 5503,HD 141702,8.0,26.53
B 5504,HD 141764,8.0,15.01
B 5505,HD 141946,8.0,12.64
B 5506,HD 141946,8.0,17.64
B 5507,HD 142049,6.0,26.42
B 5508,HD 142341,8.0,17.21
B 5509,HD 141815,7.0,30.91
B 5510,HD 141963,8.0,4.54
B 5511,HD 141832,6.0,30.98
B 5512,HD 142019,7.0,14.69
B 5513,HD 142064,7.0,18.91
B 5514,HD 142137,8.0,21.32
B 5516,HD 142117,7.5,15.73
B 5517,HD 142237,11.0,17.07
B 5518,HD 142190,8.0,13.76
B 5519,HD 142514,6.0,13.71
B 5520,HD 142415,7.0,16.10
B 5522,HD 142255,7.0,15.12
B 5523,HD 142254,6.5,19.37
B 5524,HD 142277,7.5,23.72
B 5525,HD 142301,6.0,6.09
B 5526,HD 142512,7.5,16.39
B 5527,HD 142584,7.0,24.55
B 5528,HD 142348,8.0,30.45
B 5529,HD 142529,6.0,20.63
B 5530,HD 142407,6.0,35.27
B 5531,HD 142546,8.0,12.56
B 5532,HD 142758,6.5,18.28
B 5534,HD 142564,8.5,19.48
B 5535,HD 142629,6.0,22.17
B 5536,HD 142629,6.5,12.99
B 5537,HD 142892,7.0,21.03
B 5539,HD 143028,7.5,8.08
B 5540,HD 142809,7.5,19.81
B 5541,HD 142808,7.0,10.55
B 5542,HD 142919,6.0,15.40
B 5543,HD 142821,8.0,3.09
B 5545,HD 143102,8.0,16.53
B 5546,HD 143023,7.5,15.91
B 5547,HD 143101,6.0,20.29
B 5548,HD 143009,6.0,13.81
B 5549,HD 143324,7.5,6.75
B 5550,HD 143051,7.0,40.64
B 5551,HD 143549,7.0,5.73
B 5552,HD 143431,8.0,12.64
B 5553,HD 143306,7.0,22.08
B 5554,HD 143118,4.0,16.13
B 5555,HD 143235,7.5,36.24
B 5556,HD 143147,6.0,43.70
B 5557,HD 143448,7.0,14.67
B 5558,HD 143321,6.5,13.82
B 5560,HD 143275,3.0,10.71
B 5561,HD 143463,7.0,13.04
B 5562,HD 143606,8.0,35.54
B 5563,HD 144029,7.0,12.60
B 5564,HD 143546,6.0,21.86
B 5565,HD 143462,7.5,3.83
B 5567,HD 143658,7.0,6.55
B 5568,HD 143796,7.0,10.07
B 5570,HD 143829,8.0,5.06
B 5571,HD 143699,6.0,9.94
B 5572,HD 143619,6.0,37.06
B 5573,HD 143698,7.0,32.67
B 5574,HD 143826,7.0,28.87
B 5575,HD 143939,7.0,16.22
B 5576,HD 144231,7.0,3.23
B 5577,HD 144183,6.0,13.79
B 5578,HD 146164,9.0,11.04
B 5579,HD 143976,7.0,21.48
B 5580,HD 146249,9.0,4.38
B 5581,HD 144197,5.0,11.34
B 5582,HD 144227,8.0,13.85
B 5583,HD 144481,6.0,11.19
B 5584,HD 145366,6.0,6.77
B 5585,HD 144316,6.0,13.43
B 5586,HD 145388,6.0,6.73
B 5587,HD 144259,7.0,27.52
B 5588,HD 144386,7.0,19.37
B 5589,HD 144596,6.0,16.14
B 5590,HD 144480,6.0,13.63
B 5591,HD 144294,5.0,21.62
B 5592,HD 144718,8.0,15.58
B 5593,HD 144479,8.0,30.07
B 5595,HD 144399,7.0,14.10
B 5596,HD 144218,7.0,39.41
B 5597,HD 144628,7.0,7.46
B 5598,HD 144415,6.5,2.43
B 5599,HD 144433,7.0,34.91
B 5600,HD 144888,8.0,12.97
B 5602,HD 144858,7.0,16.77
B 5603,HD 145114,7.0,8.00
B 5604,HD 144951,8.0,10.49
B 5605,HD 144690,6.0,16.49
B 5606,HD 147043,9.0,22.67
B 5608,HD 144880,7.0,16.34
B 5609,HD 145061,7.0,15.20
B 5610,HD 145110,7.0,16.20
B 5611,HD 145270,8.0,6.61
B 5612,HD 144965,6.0,21.54
B 5613,HD 144928,6.0,21.26
B 5614,HD 144987,6.0,34.83
B 5615,HD 145449,7.0,6.30
B 5617,HD 145158,6.0,17.27
B 5618,HD 145869,7.0,1.98
B 5619,HD 145324,7.0,9.93
B 5620,HD 145342,8.0,8.60
B 5621,HD 145191,6.0,21.15
B 5622,HD 145782,6.0,11.13
B 5623,HD 145361,6.0,17.31
B 5624,HD 145544,5.0,10.58
B 5625,HD 145384,6.0,50.56
B 5626,HD 145449,7.0,23.16
B 5627,HD 145397,6.0,18.24
B 5628,HD 145689,6.0,12.85
B 5629,HD 145250,6.0,32.70
B 5630,HD 145412,7.0,11.71
B 5631,HD 145510,7.5,7.82
B 5632,HD 145666,8.0,10.16
B 5633,HD 145597,7.0,17.52
B 5634,HD 145782,6.0,15.23
B 5635,HD 145740,8.0,9.69
B 5636,HD 145483,6.0,18.85
B 5637,HD 145842,6.0,21.57
B 5639,HD 146148,7.0,23.03
B 5640,HD 146295,7.0,12.46
B 5641,HD 146020,8.0,5.59
B 5642,HD 146148,8.0,26.65
B 5643,HD 146003,6.0,13.97
B 5644,HD 146226,8.0,14.88
B 5645,HD 145880,7.0,29.45
B 5646,HD 145921,6.0,27.65
B 5647,HD 145921,6.5,16.76
B 5648,HD 146059,6.5,5.19
B 5650,HD 146584,8.0,7.59
B 5651,HD 146349,7.0,5.61
B 5652,HD 146145,6.0,24.79
B 5653,HD 146124,7.5,13.87
B 5654,HD 146247,7.0,17.92
B 5655,HD 146143,6.0,21.46
B 5656,HD 146057,7.0,3.80
B 5657,HD 146381,8.0,20.54
B 5658,HD 146381,8.0,4.09
B 5659,HD 146224,6.5,8.18
B 5660,HD 146483,8.0,5.84
B 5661,HD 146268,8.0,26.69
B 5662,HD 146323,6.5,18.46
B 5663,HD 146404,8.0,3.44
B 5664,HD 146481,7.0,43.50
B 5665,HD 146501,7.0,18.36
B 5666,HD 146893,8.0,1.89
B 5667,HD 146444,8.0,22.77
B 5668,HD 146827,7.0,12.78
B 5669,HD 146521,8.0,12.36
B 5670,HD 146501,8.0,16.74
B 5671,HD 146597,8.0,7.40
B 5672,HD 146653,8.0,49.00
B 5673,HD 146690,6.0,22.83
B 5674,HD 146630,7.0,15.83
B 5675,HD 146686,5.0,8.81
B 5676,HD 146546,8.0,29.01
B 5677,HD 146684,8.0,22.86
B 5678,HD 147675,5.0,5.40
B 5679,HD 146807,7.0,15.33
B 5680,HD 146667,6.0,18.13
B 5681,HD 146624,6.0,11.59
B 5682,HD 146911,7.0,21.48
B 5683,HD 146920,8.0,10.83
B 5684,HD 146964,7.0,14.01
B 5685,HD 146836,6.0,15.54
B 5686,HD 147075,8.0,15.53
B 5687,HD 147001,6.0,11.89
B 5688,HD 147049,7.0,14.82
B 5689,HD 146954,7.0,18.83
B 5690,HD 147156,8.0,14.37
B 5691,HD 147500,7.5,11.38
B 5692,HD 147152,6.0,20.80
B 5693,HD 147349,6.5,4.42
B 5694,HD 147123,7.0,24.65
B 5695,HD 147584,6.0,3.57
B 5696,HD 147302,7.5,9.48
B 5697,HD 147274,8.0,9.37
B 5698,HD 147335,8.0,19.17
B 5699,HD 147225,6.5,9.95
B 5700,HD 147347,7.5,12.14
B 5701,HD 147375,8.0,8.26
B 5704,HD 147362,7.0,15.54
B 5705,HD 147371,6.0,73.87
B 5706,HD 147417,7.0,17.06
B 5707,HD 147606,8.0,21.69
B 5708,HD 147435,8.0,16.02
B 5709,HD 147787,6.0,10.09
B 5710,HD 147670,8.0,33.60
B 5711,HD 147690,8.0,10.64
B 5712,HD 147556,7.5,3.31
B 5713,HD 147614,6.5,16.45
B 5714,HD 147848,8.0,6.19
B 5715,HD 147799,6.0,6.58
B 5716,HD 147707,7.5,29.12
B 5717,HD 147746,8.0,13.82
B 5718,HD 147628,6.0,20.87
B 5719,HD 147845,7.5,10.71
B 5720,HD 147977,6.0,15.75
B 5722,HD 147894,7.0,22.66
B 5723,HD 147971,6.0,23.45
B 5724,HD 147857,7.0,10.21
B 5725,HD 148192,7.0,20.75
B 5726,HD 148218,6.0,7.83
B 5727,HD 148191,8.0,19.98
B 5728,HD 148218,6.0,17.01
B 5729,HD 148291,6.0,13.70
B 5730,HD 148103,7.0,16.78
B 5731,HD 148156,8.0,16.70
B 5732,HD 148308,8.0,23.37
B 5733,HD 148260,8.0,7.33
B 5734,HD 148259,7.0,22.27
B 5735,HD 148199,7.0,17.12
B 5736,HD 148247,6.0,15.20
B 5737,HD 148382,7.0,13.98
B 5738,HD 148379,6.0,19.66
B 5739,HD 148418,7.0,1.69
B 5740,HD 148586,8.0,15.02
B 5741,HD 148628,8.0,17.53
B 5742,HD 149324,5.0,1.87
B 5743,HD 148478,1.0,20.00
B 5744,HD 148890,6.0,9.21
B 5745,HD 148763,8.0,4.25
B 5746,HD 148852,7.0,7.96
B 5747,HD 148703,5.0,21.79
B 5748,HD 148837,8.0,8.76
B 5749,HD 148974,7.5,16.07
B 5750,HD 149019,7.0,1.49
B 5751,HD 149100,7.0,22.63
B 5752,HD 149038,6.0,14.37
B 5754,HD 149174,6.5,19.80
B 5755,HD 149249,7.0,14.45
B 5757,HD 149485,6.5,9.61
B 5758,HD 149340,7.0,30.26
B 5759,HD 149771,7.0,19.21
B 5760,HD 149274,7.0,6.09
B 5761,HD 149404,6.0,18.81
B 5762,HD 149416,7.5,37.56
B 5763,HD 149612,7.0,11.67
B 5764,HD 149450,8.0,14.61
B 5765,HD 149668,8.0,5.40
B 5766,HD 149535,7.0,10.33
B 5767,HD 149447,5.0,42.38
B 5768,HD 149438,4.0,24.06
B 5769,HD 149481,7.0,8.86
B 5770,HD 149730,7.0,8.71
B 5771,HD 149609,7.0,18.13
B 5772,HD 149641,8.0,22.89
B 5773,HD 149837,6.0,13.27
B 5774,HD 150139,8.0,21.05
B 5776,HD 149879,6.0,22.20
B 5777,HD 149711,6.0,25.49
B 5778,HD 149922,8.0,33.27
B 5779,HD 149764,7.0,9.59
B 5780,HD 150041,7.5,28.16
B 5781,HD 149901,7.0,10.92
B 5782,HD 149989,6.0,24.09
B 5783,HD 149886,6.5,8.42
B 5784,HD 150170,7.0,20.58
B 5785,HD 150071,7.0,13.85
B 5786,HD 150039,8.0,9.33
B 5787,HD 150038,7.5,10.36
B 5788,HD 150185,8.0,14.41
B 5789,HD 150041,7.0,17.26
B 5790,HD 150083,7.0,12.91
B 5791,HD 150408,7.0,2.55
B 5793,HD 150216,7.0,13.01
B 5794,HD 150168,6.0,23.30
B 5795,HD 151233,7.0,13.73
B 5796,HD 150564,8.0,4.93
B 5797,HD 150550,6.0,6.65
B 5798,HD 150549,6.0,13.91
B 5799,HD 150248,7.0,17.03
B 5800,HD 150358,8.0,1.79
B 5801,HD 150481,8.0,7.25
B 5802,HD 150352,8.0,6.77
B 5803,HD 150548,7.0,4.98
B 5804,HD 150798,2.0,10.44
B 5805,HD 150421,7.0,25.58
B 5806,HD 150477,8.0,14.72
B 5807,HD 150420,7.0,17.94
B 5808,HD 150576,6.0,22.19
B 5809,HD 150500,7.5,24.34
B 5810,HD 150869,7.5,15.16
B 5811,HD 150745,6.0,8.87
B 5812,HD 150573,7.0,19.09
B 5813,HD 150591,7.0,16.66
B 5814,HD 150608,7.0,8.16
B 5815,HD 150898,6.0,20.09
B 5816,HD 151099,8.0,16.68
B 5817,HD 150742,6.0,18.05
B 5818,HD 150915,7.5,12.13
B 5821,HD 151066,7.5,17.44
B 5822,HD 150897,7.0,10.59
B 5823,HD 150958,8.0,19.36
B 5824,HD 151003,7.0,9.45
B 5825,HD 151082,8.0,22.71
B 5826,HD 151404,6.0,12.02
B 5827,HD 150970,7.0,7.92
B 5828,HD 151249,5.0,15.90
B 5829,HD 151540,7.0,7.14
B 5830,HD 151441,6.0,8.65
B 5831,HD 151109,7.0,27.47
B 5832,HD 151280,8.0,22.29
B 5833,HD 151231,7.0,9.20
B 5834,HD 151139,7.0,18.90
B 5835,HD 151571,7.0,8.91
B 5836,HD 151319,8.0,18.13
B 5837,HD 151196,7.0,19.94
B 5838,HD 151213,8.0,25.91
B 5839,HD 151211,8.0,23.41
B 5840,HD 151602,8.0,16.77
B 5841,HD 151315,6.5,20.75
B 5843,HD 151475,8.0,5.58
B 5844,HD 151566,7.0,13.67
B 5845,HD 152010,7.0,57.23
B 5846,HD 151696,8.0,38.13
B 5847,HD 151515,7.5,23.77
B 5848,HD 151581,8.0,18.16
B 5849,HD 152339,7.0,19.11
B 5850,HD 151772,7.5,8.50
B 5851,HD 151680,3.0,21.83
B 5852,HD 151726,7.5,20.53
B 5853,HD 152082,6.0,7.31
B 5854,HD 151949,7.0,17.84
B 5855,HD 152138,7.0,17.21
B 5856,HD 151948,8.0,34.36
B 5857,HD 151804,6.0,24.89
B 5858,HD 152025,8.0,22.83
B 5859,HD 152046,7.0,18.98
B 5860,HD 151890,3.0,22.79
B 5861,HD 151932,7.0,21.51
B 5862,HD 151966,7.0,13.33
B 5863,HD 151965,6.0,25.78
B 5865,HD 152003,7.0,44.99
B 5866,HD 152204,6.0,10.20
B 5867,HD 152040,7.0,6.51
B 5868,HD 152564,6.0,11.11
B 5870,HD 152220,7.0,14.04
B 5871,HD 152161,6.0,5.98
B 5872,HD 152493,6.0,3.25
B 5874,HD 152234,6.0,22.48
B 5875,HD 152298,7.5,14.82
B 5876,HD 152249,7.0,46.40
B 5877,HD 152511,7.0,42.32
B 5878,HD 152270,7.0,39.60
B 5879,HD 152293,6.0,22.48
B 5880,HD 152510,8.0,18.10
B 5881,HD 152334,3.0,20.49
B 5882,HD 152478,6.0,22.16
B 5883,HD 152405,7.0,15.83
B 5884,HD 152406,8.0,41.42
B 5885,HD 152641,7.0,18.34
B 5886,HD 152642,7.0,17.37
B 5887,HD 152491,7.0,44.43
B 5889,HD 152524,7.0,21.83
B 5891,HD 152623,7.0,14.59
B 5892,HD 152786,4.0,17.64
B 5893,HD 153125,8.0,34.16
B 5894,HD 152742,9.0,19.55
B 5895,HD 152923,7.0,15.89
B 5896,HD 152723,7.0,13.75
B 5897,HD 152824,6.0,16.05
B 5898,HD 153164,8.0,36.30
B 5899,HD 152920,8.0,8.71
B 5900,HD 152980,4.0,10.37
B 5901,HD 152820,6.0,34.03
B 5903,HD 152885,7.0,26.11
B 5904,HD 152966,7.0,16.21
B 5906,HD 152902,7.0,31.52
B 5907,HD 153123,7.5,17.42
B 5908,HD 152980,5.0,1.78
B 5910,HD 153261,6.5,15.35
B 5911,HD 153262,7.0,15.89
B 5913,HD 153072,7.0,5.35
B 5914,HD 153221,6.5,8.62
B 5915,HD 153234,7.0,20.32
B 5916,HD 153258,6.5,15.30
B 5917,HD 153386,7.0,13.09
B 5918,HD 153447,7.0,16.37
B 5919,HD 153370,6.0,14.20
B 5920,HD 153330,7.0,24.65
B 5921,HD 153580,6.0,18.34
B 5922,HD 153716,6.0,15.83
B 5923,HD 153774,8.0,8.98
B 5924,HD 153663,7.0,26.52
B 5925,HD 153843,8.0,6.45
B 5926,HD 153678,7.0,12.80
B 5927,HD 153639,7.0,17.48
B 5930,HD 153985,6.0,9.71
B 5931,HD 153771,7.5,32.32
B 5932,HD 154140,6.0,8.51
B 5933,HD 153613,6.0,34.64
B 5934,HD 153771,8.0,51.48
B 5935,HD 153791,6.0,18.35
B 5937,HD 153767,7.0,28.87
B 5938,HD 154112,7.0,14.64
B 5939,HD 153840,7.0,31.24
B 5940,HD 154175,8.0,5.32
B 5941,HD 153980,7.0,18.59
B 5942,HD 153919,6.0,25.60
B 5943,HD 154120,8.0,32.92
B 5944,HD 154175,7.0,2.86
B 5945,HD 154025,6.5,10.96
B 5946,HD 154173,8.0,27.39
B 5947,HD 154556,6.5,13.53
B 5948,HD 154251,8.0,26.89
B 5949,HD 154153,7.0,26.35
B 5950,HD 154090,6.0,25.04
B 5951,HD 154290,7.5,9.92
B 5952,HD 154458,8.0,17.17
B 5953,HD 154218,7.0,30.26
B 5954,HD 154526,8.0,32.60
B 5955,HD 154972,6.5,3.41
B 5956,HD 154243,7.0,16.92
B 5957,HD 154555,6.0,17.26
B 5958,HD 154373,7.0,18.10
B 5959,HD 154426,7.0,8.13
B 5960,HD 154410,7.0,14.08
B 5961,HD 154504,7.0,33.77
B 5962,HD 154903,6.0,15.85
B 5963,HD 154569,7.0,4.78
B 5964,HD 154589,7.0,40.09
B 5965,HD 154813,8.0,15.64
B 5966,HD 154886,7.5,8.92
B 5967,HD 154901,7.0,31.68
B 5969,HD 154811,7.0,11.65
B 5970,HD 155497,7.0,18.52
B 5971,HD 154948,6.0,30.67
B 5972,HD 155100,8.0,20.02
B 5973,HD 155099,7.0,25.42
B 5975,HD 154948,6.0,19.13
B 5976,HD 154809,8.0,14.04
B 5977,HD 155066,7.0,15.59
B 5978,HD 155020,7.0,24.06
B 5980,HD 155169,7.0,19.61
B 5981,HD 155115,8.0,24.32
B 5982,HD 156513,6.0,5.15
B 5983,HD 155299,7.0,9.01
B 5984,HD 155341,7.0,8.74
B 5985,HD 155298,8.0,16.37
B 5986,HD 155555,6.0,7.90
B 5987,HD 155203,3.0,25.03
B 5989,HD 155478,7.0,12.08
B 5990,HD 155259,6.0,24.82
B 5991,HD 155465,7.5,10.66
B 5992,HD 155389,7.0,14.08
B 5994,HD 155624,7.0,11.15
B 5995,HD 157008,7.5,3.93
B 5996,HD 155781,7.0,8.29
B 5997,HD 155672,8.0,9.50
B 5998,HD 155536,7.0,20.93
B 5999,HD 156190,6.0,6.27
B 6000,HD 155811,7.0,22.58
B 6001,HD 155778,7.0,28.88
B 6002,HD 155738,8.0,20.03
B 6003,HD 155834,8.0,13.30
B 6004,HD 155775,7.0,17.05
B 6005,HD 155826,6.5,22.63
B 6006,HD 156091,6.0,15.50
B 6007,HD 156277,6.0,3.12
B 6008,HD 155806,6.0,26.79
B 6009,HD 155896,6.0,34.35
B 6010,HD 155985,6.5,28.04
B 6011,HD 156070,7.0,11.85
B 6012,HD 156044,8.0,56.11
B 6013,HD 156427,7.0,16.17
B 6014,HD 156427,7.5,13.27
B 6015,HD 156241,7.0,2.83
B 6016,HD 156335,6.5,1.63
B 6017,HD 156219,8.0,19.56
B 6018,HD 156276,8.0,14.00
B 6019,HD 156236,7.0,19.24
B 6020,HD 156385,8.0,3.19
B 6022,HD 156274,6.0,11.30
B 6023,HD 156232,7.0,25.23
B 6024,HD 156709,6.0,12.31
B 6025,HD 156385,7.0,7.03
B 6027,HD 156384,6.0,18.33
B 6028,HD 156470,8.0,12.75
B 6029,HD 156770,8.0,8.92
B 6030,HD 156493,7.0,32.34
B 6031,HD 156468,8.0,29.01
B 6032,HD 156838,7.0,17.66
B 6033,HD 156960,8.0,13.20
B 6034,HD 156675,8.0,30.22
B 6035,HD 156768,6.0,15.63
B 6036,HD 156725,8.0,23.63
B 6037,HD 156854,7.0,5.95
B 6038,HD 156942,6.0,13.64
B 6039,HD 156688,7.0,11.09
B 6040,HD 156721,7.0,42.68
B 6041,HD 156854,6.5,13.69
B 6042,HD 157081,7.5,13.36
B 6043,HD 156979,7.0,19.97
B 6044,HD 157180,7.5,16.17
B 6045,HD 157290,7.0,35.27
B 6046,HD 157042,6.0,23.04
B 6047,HD 157408,8.5,10.05
B 6048,HD 157246,3.0,12.81
B 6049,HD 157038,6.5,12.69
B 6050,HD 157244,3.0,19.31
B 6051,HD 157243,6.0,23.96
B 6052,HD 157241,7.0,1.61
B 6053,HD 157524,8.0,7.10
B 6054,HD 157524,7.0,9.73
B 6055,HD 157560,7.0,21.73
B 6056,HD 157560,8.0,18.40
B 6057,HD 157316,7.0,13.33
B 6058,HD 164461,6.0,0.63
B 6059,HD 157236,6.0,32.97
B 6060,HD 157457,6.0,16.33
B 6061,HD 157338,7.0,28.34
B 6062,HD 157534,8.0,8.91
B 6063,HD 157599,6.0,23.85
B 6064,HD 157802,7.0,11.50
B 6065,HD 157486,7.0,28.63
B 6066,HD 157516,7.0,41.42
B 6067,HD 157662,6.0,19.53
B 6068,HD 157515,7.0,24.29
B 6069,HD 157801,6.5,12.17
B 6070,HD 157624,8.0,18.34
B 6071,HD 157770,8.0,9.45
B 6072,HD 157661,6.0,22.09
B 6073,HD 157698,7.0,18.19
B 6074,HD 157753,6.0,14.05
B 6075,HD 157819,6.0,10.73
B 6076,HD 158043,8.0,32.85
B 6077,HD 157832,6.5,24.88
B 6078,HD 157833,7.0,31.57
B 6079,HD 158606,6.5,2.11
B 6080,HD 157749,7.0,19.35
B 6081,HD 158094,4.0,13.88
B 6082,HD 157830,7.5,10.17
B 6083,HD 160288,8.0,20.76
B 6084,HD 158078,7.0,22.71
B 6086,HD 158145,8.0,27.65
B 6087,HD 158431,9.0,42.14
B 6088,HD 158105,6.0,32.24
B 6089,HD 158289,7.0,12.27
B 6090,HD 158186,7.0,14.91
B 6091,HD 158503,7.0,12.25
B 6092,HD 158306,7.0,27.99
B 6093,HD 158752,6.5,21.48
B 6094,HD 158427,3.0,19.06
B 6095,HD 158630,7.5,7.05
B 6096,HD 158819,8.0,14.85
B 6097,HD 158409,7.0,87.32
B 6098,HD 158408,4.0,32.75
B 6100,HD 158499,7.0,28.94
B 6101,HD 159098,7.5,18.23
B 6102,HD 158628,8.0,23.24
B 6103,HD 158531,7.0,15.11
B 6104,HD 158932,8.0,18.31
B 6105,HD 158895,6.0,13.87
B 6106,HD 158764,8.0,12.48
B 6107,HD 158747,7.0,23.94
B 6108,HD 158682,7.0,15.67
B 6109,HD 158799,6.5,24.05
B 6110,HD 158890,7.5,26.97
B 6111,HD 158907,6.0,36.38
B 6112,HD 158846,7.0,46.37
B 6113,HD 158906,7.0,28.37
B 6114,HD 159018,6.0,9.65
B 6115,HD 159058,8.0,23.74
B 6116,HD 158926,3.0,27.45
B 6117,HD 159078,8.0,32.43
B 6118,HD 159036,7.5,16.56
B 6119,HD 159558,6.0,15.02
B 6120,HD 159110,7.5,17.89
B 6121,HD 159217,6.0,23.67
B 6122,HD 159194,7.0,26.16
B 6123,HD 159639,9.0,32.11
B 6124,HD 159493,7.0,17.56
B 6126,HD 159174,7.0,27.11
B 6127,HD 159492,6.0,26.38
B 6128,HD 159424,7.5,20.91
B 6129,HD 159439,7.0,16.05
B 6130,HD 159340,7.0,7.87
B 6131,HD 160001,7.0,47.42
B 6132,HD 159489,8.0,31.25
B 6133,HD 159433,6.0,32.84
B 6134,HD 159532,3.0,25.37
B 6135,HD 160580,8.0,12.06
B 6136,HD 159752,8.0,26.44
B 6137,HD 159656,7.0,12.18
B 6138,HD 159633,7.0,22.49
B 6139,HD 159595,7.0,40.92
B 6140,HD 159749,8.0,37.55
B 6141,HD 159704,7.0,25.31
B 6142,HD 159809,7.5,12.59
B 6143,HD 160819,8.0,11.67
B 6144,HD 160154,8.0,72.35
B 6145,HD 159561,2.0,3.76
B 6146,HD 160032,6.0,19.67
B 6147,HD 160113,8.0,18.14
B 6148,HD 160196,8.0,28.19
B 6150,HD 160400,8.0,2.18
B 6151,HD 160172,8.0,27.89
B 6152,HD 160147,7.0,18.76
B 6153,HD 160263,6.0,20.36
B 6154,HD 160124,7.0,36.67
B 6155,HD 160635,5.0,14.05
B 6156,HD 160202,6.0,48.84
B 6157,HD 160675,6.0,18.62
B 6158,HD 160416,8.0,37.36
B 6159,HD 160282,8.0,23.46
B 6160,HD 160414,8.0,26.17
B 6161,HD 160567,7.0,18.52
B 6162,HD 160480,7.0,8.64
B 6163,HD 160371,7.0,30.23
B 6164,HD 161297,8.0,18.35
B 6165,HD 160653,8.0,13.03
B 6166,HD 160691,6.0,18.89
B 6168,HD 160909,9.0,47.26
B 6169,HD 160578,3.0,25.53
B 6170,HD 161476,8.0,25.41
B 6171,HD 160908,9.0,44.09
B 6172,HD 160715,7.0,16.66
B 6173,HD 161051,8.0,15.46
B 6175,HD 161032,6.0,11.45
B 6176,HD 160592,8.0,27.99
B 6177,HD 160917,7.0,25.64
B 6178,HD 160996,7.5,14.96
B 6179,HD 160840,7.0,27.91
B 6180,HD 160928,6.0,35.22
B 6181,HD 160993,8.0,14.03
B 6182,HD 161068,7.0,45.26
B 6183,HD 161394,7.0,26.79
B 6184,HD 161218,7.0,33.07
B 6185,HD 161988,6.5,14.65
B 6188,HD 161441,6.0,14.09
B 6189,HD 161086,7.0,28.69
B 6190,HD 161475,6.5,11.66
B 6191,HD 161419,7.0,24.49
B 6192,HD 161419,8.0,8.20
B 6193,HD 161420,6.0,17.60
B 6194,HD 161566,7.0,9.54
B 6195,HD 161277,7.0,6.57
B 6196,HD 161394,7.5,19.11
B 6197,HD 161435,8.0,29.81
B 6198,HD 161471,3.0,15.39
B 6199,HD 161672,8.0,24.32
B 6200,HD 161814,6.0,16.63
B 6201,HD 161955,6.0,4.82
B 6202,HD 161784,7.5,11.97
B 6203,HD 161575,7.0,21.62
B 6204,HD 161783,6.0,15.67
B 6205,HD 161612,7.0,35.73
B 6206,HD 161667,7.0,20.65
B 6207,HD 161687,8.0,39.27
B 6209,HD 161935,6.5,14.22
B 6211,HD 161972,8.0,10.53
B 6212,HD 161973,8.0,13.72
B 6213,HD 161912,5.0,32.48
B 6214,HD 161892,4.0,19.62
B 6215,HD 162154,7.0,34.43
B 6216,HD 162110,8.0,71.59
B 6217,HD 162314,7.5,13.71
B 6218,HD 162297,8.0,17.52
B 6219,HD 162521,6.0,15.85
B 6220,HD 162123,6.0,19.44
B 6221,HD 162422,8.0,40.28
B 6222,HD 162463,8.0,54.66
B 6223,HD 162103,7.0,5.81
B 6224,HD 162361,8.0,28.23
B 6226,HD 162520,7.0,11.73
B 6227,HD 162396,6.0,26.38
B 6228,HD 162374,6.0,14.89
B 6229,HD 167490,7.0,11.90
B 6230,HD 162391,6.0,25.36
B 6231,HD 162548,8.0,71.23
B 6232,HD 162861,7.5,29.44
B 6233,HD 162396,6.5,17.81
B 6234,HD 162576,0.0,11.15
B 6235,HD 164920,7.0,21.55
B 6236,HD 162586,6.0,34.75
B 6237,HD 162613,8.0,23.23
B 6238,HD 162587,6.0,17.20
B 6239,HD 162895,8.0,26.21
B 6240,HD 162678,6.0,1.68
B 6241,HD 162724,6.0,10.01
B 6242,HD 163028,7.0,8.68
B 6243,HD 162804,6.5,21.49
B 6244,HD 163171,7.5,9.26
B 6245,HD 163071,6.0,18.77
B 6246,HD 162817,6.0,18.74
B 6247,HD 162931,7.0,54.92
B 6248,HD 163007,7.0,7.67
B 6249,HD 162926,6.0,23.01
B 6250,HD 163139,6.0,1.78
B 6251,HD 163544,8.0,12.05
B 6252,HD 164371,7.0,8.25
B 6253,HD 163145,6.0,24.53
B 6254,HD 164427,7.0,11.08
B 6255,HD 163139,6.5,11.88
B 6256,HD 163254,7.0,21.48
B 6257,HD 163486,7.5,20.21
B 6258,HD 163376,6.0,27.54
B 6259,HD 163413,7.5,11.97
B 6260,HD 163880,6.0,1.34
B 6261,HD 163636,7.5,2.59
B 6262,HD 163615,8.0,24.21
B 6263,HD 163655,7.0,36.88
B 6264,HD 163878,7.0,48.28
B 6265,HD 163652,6.0,9.86
B 6266,HD 163655,7.0,52.73
B 6267,HD 163708,7.0,9.13
B 6268,HD 163707,7.0,41.71
B 6269,HD 163758,6.5,5.79
B 6270,HD 163822,7.5,20.10
B 6271,HD 163819,7.5,13.92
B 6272,HD 163802,7.0,59.17
B 6273,HD 163986,7.0,65.30
B 6274,HD 164133,8.0,24.92
B 6275,HD 164132,7.0,22.05
B 6276,HD 164328,8.0,52.94
B 6277,HD 164371,7.0,17.37
B 6278,HD 164050,7.0,4.72
B 6279,HD 164249,7.0,9.83
B 6280,HD 164427,7.0,12.04
B 6281,HD 164245,6.0,8.28
B 6282,HD 164571,8.0,11.10
B 6283,HD 164321,7.0,2.42
B 6284,HD 164409,7.0,16.15
B 6285,HD 164725,7.0,8.25
B 6287,HD 164567,7.0,38.21
B 6288,HD 164806,6.0,22.93
B 6289,HD 164542,8.0,14.07
B 6290,HD 164516,7.0,16.15
B 6291,HD 165040,5.5,16.25
B 6292,HD 164896,7.0,15.31
B 6293,HD 164776,7.0,8.56
B 6294,HD 164058,2.0,6.13
B 6295,HD 164955,7.0,9.57
B 6296,HD 165024,4.0,19.39
B 6297,HD 164870,6.0,23.11
B 6298,HD 165256,7.0,16.56
B 6299,HD 165020,7.0,19.80
B 6300,HD 165063,7.0,3.08
B 6301,HD 165139,7.5,12.87
B 6302,HD 165189,6.0,33.59
B 6303,HD 165499,6.0,17.11
B 6304,HD 165271,7.0,10.94
B 6305,HD 165497,6.5,8.03
B 6306,HD 165185,6.0,25.72
B 6307,HD 165393,8.0,35.47
B 6308,HD 165351,0.0,8.62
B 6309,HD 165328,7.0,27.29
B 6310,HD 165493,6.0,22.31
B 6311,HD 165696,7.0,27.40
B 6312,HD 165937,7.0,2.34
B 6313,HD 165662,8.0,23.82
B 6314,HD 165822,7.0,6.73
B 6315,HD 165753,6.0,34.35
B 6316,HD 166252,7.0,41.05
B 6317,HD 165822,7.5,23.84
B 6318,HD 165986,7.0,16.28
B 6319,HD 167448,6.0,27.42
B 6321,HD 166154,7.0,17.81
B 6322,HD 165793,6.5,7.47
B 6323,HD 165819,7.0,19.23
B 6324,HD 167714,6.0,4.69
B 6325,HD 166006,6.0,26.35
B 6326,HD 166063,5.0,23.05
B 6330,HD 166198,8.0,22.26
B 6331,HD 166246,8.0,24.06
B 6333,HD 166245,7.0,5.42
B 6334,HD 166376,6.0,19.94
B 6335,HD 166864,7.5,18.96
B 6336,HD 166326,6.5,7.60
B 6337,HD 167468,6.0,12.88
B 6338,HD 168091,8.0,19.75
B 6339,HD 166636,7.0,24.18
B 6340,HD 167188,8.0,17.94
B 6341,HD 166913,8.0,7.17
B 6342,HD 166675,7.5,23.34
B 6343,HD 166953,8.0,5.40
B 6344,HD 166891,7.0,15.73
B 6345,HD 166835,7.5,28.34
B 6346,HD 167259,7.0,24.98
B 6347,HD 167128,6.0,22.12
B 6348,HD 167425,6.0,14.39
B 6349,HD 167153,7.0,28.05
B 6350,HD 167257,6.0,35.85
B 6351,HD 167022,7.0,3.67
B 6352,HD 167095,7.5,22.43
B 6353,HD 167148,7.0,23.68
B 6354,HD 167385,7.0,6.31
B 6355,HD 167233,6.0,19.08
B 6356,HD 167342,7.0,20.83
B 6357,HD 167806,7.0,44.93
B 6358,HD 167674,0.0,14.84
B 6359,HD 167991,7.0,30.05
B 6360,HD 167618,4.0,25.96
B 6362,HD 169904,6.0,5.75
B 6363,HD 167954,7.0,29.11
B 6364,HD 167918,7.0,5.85
B 6365,HD 168652,8.0,45.32
B 6366,HD 168339,6.0,19.32
B 6367,HD 168409,8.0,22.08
B 6369,HD 168873,7.5,14.25
B 6370,HD 168236,7.0,65.92
B 6371,HD 168596,7.0,25.62
B 6372,HD 168313,6.5,7.92
B 6373,HD 168740,6.0,16.67
B 6374,HD 169127,7.0,26.55
B 6375,HD 168496,8.0,19.64
B 6376,HD 168759,8.0,34.71
B 6378,HD 168791,7.5,6.50
B 6379,HD 168592,6.0,20.59
B 6381,HD 168983,8.0,22.08
B 6382,HD 168733,6.0,38.20
B 6383,HD 168849,6.0,70.95
B 6384,HD 168907,8.0,25.88
B 6385,HD 169058,7.0,29.80
B 6386,HD 168905,6.0,26.86
B 6387,HD 168982,8.0,37.66
B 6389,HD 169021,8.0,2.38
B 6390,HD 169303,8.0,14.52
B 6391,HD 169022,3.0,7.06
B 6392,HD 169326,7.0,65.14
B 6393,HD 169505,8.0,12.08
B 6394,HD 169744,8.0,4.37
B 6395,HD 169979,6.0,15.07
B 6396,HD 169349,8.0,18.89
B 6397,HD 169467,4.0,21.11
B 6398,HD 169613,9.0,61.57
B 6399,HD 169836,6.5,2.88
B 6400,HD 169883,8.0,35.72
B 6401,HD 169978,5.0,16.03
B 6402,HD 170046,8.0,9.79
B 6403,HD 169767,5.0,28.89
B 6404,HD 169881,7.0,7.30
B 6405,HD 169977,7.0,11.34
B 6406,HD 169853,6.0,23.86
B 6407,HD 169832,7.0,24.55
B 6408,HD 170195,7.0,21.11
B 6411,HD 170069,6.0,19.98
B 6412,HD 170776,8.0,20.09
B 6415,HD 170691,8.0,27.00
B 6416,HD 170525,6.0,6.60
B 6417,HD 170354,7.5,11.39
B 6418,HD 170384,6.0,32.79
B 6419,HD 170465,5.0,22.96
B 6420,HD 170523,5.0,22.37
B 6421,HD 171310,8.0,16.82
B 6423,HD 171382,8.0,15.94
B 6425,HD 170928,7.5,9.22
B 6427,HD 170845,5.0,23.99
B 6428,HD 170868,0.0,28.49
B 6429,HD 170867,6.0,26.72
B 6430,HD 170984,8.0,17.36
B 6431,HD 171191,7.0,17.17
B 6432,HD 171020,8.0,10.83
B 6433,HD 171039,8.0,8.69
B 6434,HD 171212,6.5,10.40
B 6435,HD 171381,7.0,20.63
B 6436,HD 171759,4.0,12.78
B 6438,HD 171548,7.0,30.35
B 6439,HD 171377,7.5,15.18
B 6440,HD 172082,8.0,19.61
B 6441,HD 172021,7.0,13.53
B 6442,HD 171674,7.0,24.85
B 6443,HD 172266,6.5,39.17
B 6444,HD 171795,7.0,23.54
B 6445,HD 171648,7.0,22.43
B 6446,HD 172021,6.0,12.00
B 6447,HD 172021,7.0,19.10
B 6448,HD 171819,6.0,18.78
B 6449,HD 171988,7.5,10.53
B 6450,HD 171986,7.0,15.81
B 6451,HD 172211,6.0,13.34
B 6454,HD 172181,7.0,19.71
B 6455,HD 172306,7.0,15.80
B 6456,HD 172881,6.0,15.05
B 6458,HD 172555,6.0,13.14
B 6459,HD 172223,6.5,10.66
B 6460,HD 172447,7.0,13.99
B 6461,HD 172445,7.5,14.47
B 6462,HD 172416,7.0,4.64
B 6463,HD 172801,7.0,16.85
B 6464,HD 172517,8.0,19.02
B 6465,HD 173364,8.0,45.08
B 6466,HD 172167,1.0,9.34
B 6467,HD 173168,5.0,5.48
B 6468,HD 172777,6.0,25.62
B 6469,HD 172916,7.5,14.38
B 6470,HD 172996,7.0,46.49
B 6471,HD 173047,6.5,25.20
B 6472,HD 172995,6.5,52.64
B 6473,HD 173264,8.0,20.69
B 6475,HD 173360,7.5,1.36
B 6476,HD 173360,7.0,30.24
B 6477,HD 173360,6.0,18.16
B 6478,HD 173562,7.0,28.54
B 6479,HD 173339,8.0,16.04
B 6480,HD 173576,7.0,22.34
B 6481,HD 173467,7.0,45.72
B 6483,HD 173490,7.0,27.11
B 6484,HD 173813,7.0,7.38
B 6485,HD 173623,7.0,24.67
B 6486,HD 173576,7.0,28.69
B 6487,HD 174584,7.0,16.20
B 6488,HD 173736,7.5,40.13
B 6489,HD 173948,5.0,15.50
B 6490,HD 173794,7.0,2.75
B 6491,HD 173715,6.0,16.96
B 6492,HD 173933,7.0,9.41
B 6493,HD 173861,6.0,21.38
B 6494,HD 173994,7.5,15.39
B 6495,HD 174076,7.0,17.35
B 6496,HD 174121,7.0,12.87
B 6497,HD 174137,8.0,15.93
B 6498,HD 174096,8.0,7.60
B 6499,HD 174095,7.0,30.52
B 6500,HD 174233,8.0,19.71
B 6501,HD 174153,7.0,22.18
B 6502,HD 174295,6.0,16.79
B 6503,HD 174694,6.0,16.42
B 6504,HD 175304,7.5,61.32
B 6506,HD 174430,6.0,21.31
B 6507,HD 174337,6.5,19.80
B 6508,HD 174476,7.5,12.70
B 6509,HD 174474,6.5,21.14
B 6511,HD 174407,6.0,7.52
B 6512,HD 174808,7.0,22.53
B 6513,HD 174675,7.5,0.67
B 6514,HD 174691,7.0,22.56
B 6515,HD 174713,7.0,23.38
B 6516,HD 174730,6.0,18.31
B 6518,HD 175147,6.0,19.91
B 6519,HD 174955,7.5,14.07
B 6520,HD 175401,6.0,2.57
B 6521,HD 175098,7.5,12.13
B 6522,HD 175329,6.0,16.41
B 6523,HD 175145,6.0,15.51
B 6524,HD 175093,6.0,26.23
B 6525,HD 175303,8.0,27.71
B 6526,HD 175326,7.5,18.93
B 6528,HD 175510,6.0,16.05
B 6530,HD 175395,6.0,28.10
B 6531,HD 175782,7.0,13.16
B 6533,HD 175882,8.0,12.42
B 6534,HD 176021,7.0,23.50
B 6535,HD 175674,6.5,19.25
B 6536,HD 175838,7.0,74.22
B 6537,HD 176794,7.0,16.86
B 6539,HD 175880,7.0,23.89
B 6540,HD 176172,7.0,15.98
B 6541,HD 175894,7.5,42.82
B 6542,HD 175813,6.0,29.34
B 6544,HD 175933,8.0,17.60
B 6545,HD 176371,7.0,21.14
B 6546,HD 176340,6.0,14.09
B 6547,HD 176037,6.5,17.72
B 6548,HD 176105,7.5,12.11
B 6549,HD 176084,7.5,9.23
B 6550,HD 176371,8.0,17.75
B 6551,HD 176353,8.0,9.91
B 6552,HD 176370,8.0,27.63
B 6553,HD 176522,7.0,18.86
B 6555,HD 176522,6.5,15.42
B 6556,HD 176269,6.5,9.02
B 6557,HD 176729,6.0,16.57
B 6559,HD 176557,6.5,4.11
B 6560,HD 176578,7.0,17.58
B 6561,HD 176638,6.0,25.38
B 6562,HD 177104,7.0,15.97
B 6563,HD 177389,6.0,2.85
B 6564,HD 177409,9.0,20.40
B 6565,HD 176908,8.0,87.49
B 6566,HD 177103,8.0,41.73
B 6567,HD 177171,6.0,33.66
B 6568,HD 177365,6.0,4.76
B 6569,HD 177406,6.0,16.77
B 6570,HD 177241,6.0,33.46
B 6571,HD 177523,7.0,63.81
B 6572,HD 177826,7.0,7.98
B 6573,HD 177693,7.0,13.85
B 6574,HD 177474,5.0,27.13
B 6575,HD 177776,8.0,10.69
B 6576,HD 177897,8.0,21.97
B 6577,HD 178152,8.0,27.52
B 6578,HD 177873,5.0,17.87
B 6579,HD 178231,8.0,15.95
B 6580,HD 177799,6.5,27.42
B 6581,HD 178151,7.5,18.10
B 6582,HD 178349,7.0,11.45
B 6583,HD 178632,6.5,19.24
B 6584,HD 178348,8.0,18.30
B 6585,HD 178253,5.0,21.21
B 6587,HD 178345,5.0,22.93
B 6588,HD 180965,7.5,17.95
B 6589,HD 178904,8.0,20.18
B 6590,HD 178710,8.5,19.25
B 6591,HD 178734,7.0,22.12
B 6592,HD 178765,9.0,85.03
B 6593,HD 178845,6.5,11.91
B 6594,HD 178524,3.0,26.77
B 6596,HD 179140,6.0,10.66
B 6599,HD 179418,8.0,23.44
B 6600,HD 179953,8.0,8.13
B 6601,HD 179616,6.5,14.64
B 6602,HD 179434,7.0,14.77
B 6603,HD 179753,8.0,2.69
B 6606,HD 179478,8.5,26.33
B 6607,HD 179886,6.0,5.56
B 6608,HD 180183,6.0,34.49
B 6609,HD 180021,7.0,27.97
B 6611,HD 180134,7.0,16.30
B 6612,HD 180183,7.0,13.43
B 6613,HD 180964,8.0,31.95
B 6614,HD 181465,7.0,23.54
B 6615,HD 180838,8.0,2.51
B 6616,HD 180735,8.0,19.95
B 6617,HD 181019,6.0,12.28
B 6619,HD 180575,6.5,15.42
B 6622,HD 180887,8.0,19.05
B 6623,HD 180934,8.0,10.94
B 6624,HD 181177,7.5,8.46
B 6625,HD 181351,6.5,16.51
B 6626,HD 181378,7.5,33.15
B 6627,HD 181459,7.0,23.39
B 6628,HD 181041,7.0,22.68
B 6629,HD 181296,6.0,15.73
B 6630,HD 181327,7.0,26.81
B 6632,HD 181295,6.0,19.15
B 6633,HD 182254,7.0,15.21
B 6634,HD 181459,7.0,25.19
B 6635,HD 181958,7.0,10.56
B 6636,HD 181033,8.0,30.72
B 6637,HD 182291,7.0,20.60
B 6638,HD 181794,8.0,14.26
B 6639,HD 181517,6.0,15.55
B 6640,HD 181703,6.5,18.93
B 6641,HD 181872,7.0,15.85
B 6642,HD 181240,6.0,28.40
B 6644,HD 206553,6.5,12.23
B 6645,HD 181847,7.0,62.24
B 6646,HD 181819,7.5,24.34
B 6647,HD 182687,7.0,11.88
B 6648,HD 182051,8.0,11.89
B 6649,HD 181980,6.5,21.80
B 6651,HD 182485,7.0,2.81
B 6652,HD 182215,7.5,3.72
B 6653,HD 182709,6.0,12.10
B 6654,HD 182397,8.0,32.99
B 6655,HD 182396,7.5,15.61
B 6656,HD 182509,6.0,16.78
B 6657,HD 182394,7.0,16.36
B 6658,HD 182652,7.0,68.58
B 6659,HD 182652,8.0,12.96
B 6660,HD 182750,7.0,7.93
B 6661,HD 182970,7.0,10.96
B 6663,HD 182893,7.0,15.38
B 6665,HD 184039,7.0,19.16
B 6666,HD 183028,6.0,13.52
B 6668,HD 183505,6.0,2.15
B 6670,HD 183357,6.5,17.72
B 6672,HD 183552,6.0,11.64
B 6673,HD 183698,8.0,12.40
B 6674,HD 183771,7.0,8.61
B 6675,HD 183809,8.0,31.85
B 6676,HD 183951,7.0,20.31
B 6677,HD 184192,7.0,12.08
B 6679,HD 183861,8.0,13.49
B 6680,HD 184022,7.0,37.92
B 6681,HD 184358,6.5,2.57
B 6682,HD 183906,8.0,30.87
B 6683,HD 184359,6.0,27.09
B 6685,HD 184327,6.0,19.25
B 6686,HD 184052,7.0,27.75
B 6687,HD 184100,8.0,7.88
B 6688,HD 184192,7.5,20.54
B 6689,HD 184127,6.0,11.79
B 6690,HD 184586,6.0,13.42
B 6691,HD 184519,8.0,16.72
B 6692,HD 184628,7.5,18.30
B 6694,HD 186154,6.0,16.03
B 6695,HD 184421,7.0,15.75
B 6696,HD 184585,6.0,13.75
B 6699,HD 184996,6.0,21.56
B 6700,HD 184820,7.0,15.24
B 6701,HD 184690,8.0,23.12
B 6702,HD 184844,8.0,5.63
B 6703,HD 184900,7.0,18.18
B 6704,HD 185050,8.0,25.02
B 6706,HD 185113,7.0,9.65
B 6707,HD 185075,6.5,17.85
B 6708,HD 185187,6.5,18.81
B 6709,HD 185523,7.0,11.10
B 6710,HD 185139,7.0,22.60
B 6711,HD 185454,7.0,12.83
B 6712,HD 185682,7.5,17.69
B 6713,HD 185596,8.0,30.16
B 6714,HD 186219,6.0,14.46
B 6716,HD 185911,8.0,23.20
B 6717,HD 186502,8.0,7.27
B 6718,HD 186113,8.0,2.90
B 6719,HD 186502,7.0,10.95
B 6720,HD 186251,6.5,18.51
B 6721,HD 186483,6.0,10.68
B 6722,HD 186268,7.5,10.61
B 6723,HD 186530,7.0,38.12
B 6724,HD 186879,7.0,12.36
B 6725,HD 186543,6.0,15.12
B 6726,HD 186725,8.0,23.55
B 6727,HD 186786,6.0,15.27
B 6728,HD 187051,8.0,18.11
B 6729,HD 186785,7.5,25.98
B 6730,HD 186837,7.0,20.47
B 6731,HD 186810,7.0,21.30
B 6732,HD 186756,7.0,13.54
B 6733,HD 186957,6.0,22.36
B 6734,HD 186648,5.0,5.88
B 6736,HD 187101,8.0,11.97
B 6737,HD 186975,8.0,16.84
B 6738,HD 187086,6.0,18.01
B 6739,HD 187394,7.0,22.31
B 6740,HD 187099,7.0,7.57
B 6741,HD 187272,7.0,12.78
B 6743,HD 187915,8.0,15.98
B 6744,HD 187294,7.0,19.49
B 6745,HD 187420,6.0,30.10
B 6746,HD 187500,8.0,33.77
B 6747,HD 187653,6.5,20.27
B 6748,HD 187835,6.5,24.87
B 6749,HD 187475,7.5,23.00
B 6750,HD 188229,6.0,22.71
B 6752,HD 188228,4.0,15.18
B 6753,HD 187745,7.5,15.27
B 6754,HD 187847,8.0,13.67
B 6755,HD 187997,7.5,32.04
B 6756,HD 188164,6.0,16.48
B 6757,HD 187977,6.5,8.56
B 6759,HD 188162,6.0,23.36
B 6760,HD 188161,6.0,19.67
B 6761,HD 188357,7.0,16.91
B 6762,HD 188071,8.0,8.45
B 6763,HD 188303,7.0,11.87
B 6764,HD 188584,6.0,11.28
B 6765,HD 188318,8.0,22.18
B 6766,HD 188534,8.0,22.64
B 6767,HD 188887,6.0,16.99
B 6768,HD 188557,7.5,26.85
B 6769,HD 188534,7.5,39.82
B 6771,HD 191220,6.0,8.02
B 6772,HD 188815,7.0,20.43
B 6773,HD 189174,7.0,17.03
B 6775,HD 189124,6.0,16.39
B 6776,HD 188986,7.0,27.46
B 6777,HD 189567,6.0,18.56
B 6778,HD 189566,7.0,12.89
B 6779,HD 189368,7.5,21.02
B 6780,HD 189721,7.0,28.78
B 6781,HD 189483,8.0,18.29
B 6782,HD 189563,7.0,23.56
B 6783,HD 190710,7.0,23.65
B 6784,HD 190733,6.5,19.29
B 6785,HD 189631,7.0,14.05
B 6786,HD 191056,7.0,17.34
B 6787,HD 190248,4.0,17.10
B 6788,HD 190222,6.0,12.73
B 6789,HD 189951,7.0,30.08
B 6790,HD 190057,6.5,15.98
B 6791,HD 190421,5.5,23.58
B 6792,HD 190205,8.0,26.40
B 6793,HD 190422,6.0,12.21
B 6794,HD 190421,6.0,19.83
B 6795,HD 190710,7.0,23.61
B 6797,HD 190733,6.5,18.63
B 6799,HD 190580,6.5,26.46
B 6800,HD 191056,7.0,14.28
B 6801,HD 190779,7.0,7.47
B 6802,HD 192074,6.0,14.32
B 6803,HD 191095,6.0,12.96
B 6804,HD 192316,6.0,13.38
B 6805,HD 191190,7.0,33.58
B 6806,HD 191507,7.0,15.56
B 6807,HD 191585,6.5,13.35
B 6809,HD 191603,6.0,5.97
B 6811,HD 191349,6.5,13.86
B 6813,HD 191732,7.0,21.21
B 6814,HD 191829,6.0,20.79
B 6815,HD 192417,8.0,18.96
B 6816,HD 192217,7.5,16.96
B 6817,HD 192397,7.5,16.31
B 6818,HD 192092,7.0,21.53
B 6819,HD 192531,6.0,16.86
B 6820,HD 192416,7.0,19.60
B 6821,HD 192530,6.5,22.18
B 6822,HD 192865,6.0,14.70
B 6823,HD 192887,6.0,18.47
B 6824,HD 192674,7.0,19.32
B 6826,HD 192949,6.5,8.67
B 6827,HD 192949,7.0,21.46
B 6828,HD 192886,6.0,23.36
B 6829,HD 193002,6.0,32.97
B 6830,HD 193002,7.0,20.75
B 6831,HD 192963,7.5,13.49
B 6832,HD 193365,8.0,10.56
B 6833,HD 193261,8.0,19.78
B 6834,HD 194612,6.0,14.31
B 6835,HD 193231,7.0,29.31
B 6836,HD 193177,7.5,21.44
B 6837,HD 193307,6.5,21.80
B 6838,HD 193407,8.0,66.05
B 6839,HD 193547,8.0,8.55
B 6840,HD 193507,7.0,6.54
B 6841,HD 193437,6.5,26.02
B 6842,HD 193809,7.0,24.63
B 6843,HD 193677,7.0,31.57
B 6846,HD 193924,2.0,18.40
B 6847,HD 194189,6.5,14.16
B 6850,HD 194027,7.0,27.44
B 6851,HD 194184,6.0,24.31
B 6852,HD 194326,7.0,76.11
B 6853,HD 194835,8.0,27.32
B 6854,HD 194491,8.0,26.36
B 6855,HD 194662,6.0,9.08
B 6856,HD 194679,7.0,26.69
B 6857,HD 195190,6.0,10.47
B 6858,HD 194802,8.0,20.66
B 6859,HD 194834,7.0,28.96
B 6860,HD 194970,7.0,42.07
B 6861,HD 194876,7.0,26.73
B 6862,HD 195390,6.0,10.78
B 6864,HD 195402,6.0,12.13
B 6865,HD 195459,6.0,11.77
B 6866,HD 195189,8.0,36.75
B 6867,HD 195573,6.0,15.79
B 6868,HD 195646,8.0,15.60
B 6869,HD 195429,6.0,13.48
B 6871,HD 195849,6.5,9.50
B 6872,HD 195832,7.0,18.63
B 6874,HD 195772,6.0,7.22
B 6875,HD 195521,7.0,28.45
B 6876,HD 195569,6.0,36.72
B 6878,HD 195536,6.0,4.23
B 6879,HD 195782,9.0,25.33
B 6881,HD 196050,7.5,11.67
B 6882,HD 196303,8.0,29.36
B 6883,HD 196107,7.0,14.24
B 6884,HD 196392,7.0,22.06
B 6885,HD 196171,3.0,8.92
B 6886,HD 196378,6.0,16.40
B 6887,HD 196212,7.0,39.37
B 6888,HD 196078,6.0,7.66
B 6889,HD 196519,5.0,17.86
B 6890,HD 196517,7.0,4.27
B 6891,HD 196786,7.5,21.27
B 6892,HD 196938,7.5,16.14
B 6893,HD 196623,7.0,18.03
B 6894,HD 196639,6.0,24.72
B 6895,HD 196831,7.0,10.81
B 6896,HD 196650,7.0,28.18
B 6897,HD 197051,3.0,16.01
B 6898,HD 196617,7.0,3.15
B 6899,HD 197165,7.0,20.44
B 6900,HD 197417,7.5,9.77
B 6901,HD 197431,7.0,6.52
B 6902,HD 197097,7.5,17.88
B 6903,HD 197220,7.0,19.52
B 6904,HD 197157,6.0,10.46
B 6905,HD 197093,6.0,26.81
B 6906,HD 197569,7.5,18.79
B 6907,HD 197322,7.0,23.17
B 6908,HD 197635,4.0,17.93
B 6909,HD 197696,7.0,22.86
B 6910,HD 197827,7.0,6.59
B 6911,HD 197630,6.0,26.74
B 6912,HD 197748,6.5,10.32
B 6913,HD 197345,1.0,12.48
B 6914,HD 197937,6.0,28.68
B 6915,HD 197995,8.0,8.50
B 6916,HD 197971,6.0,37.76
B 6917,HD 198160,6.0,14.99
B 6918,HD 198192,7.0,2.72
B 6919,HD 198048,6.0,32.70
B 6921,HD 198308,6.0,16.12
B 6922,HD 198232,5.0,44.82
B 6923,HD 198563,7.0,21.93
B 6924,HD 198357,6.0,40.92
B 6925,HD 198474,7.0,6.52
B 6926,HD 198534,7.0,3.79
B 6927,HD 198725,7.0,17.95
B 6928,HD 198546,7.0,8.36
B 6929,HD 198700,4.0,11.00
B 6930,HD 198529,6.0,26.87
B 6931,HD 198928,6.0,10.37
B 6932,HD 198971,6.0,15.34
B 6933,HD 198969,7.0,20.77
B 6934,HD 198716,6.0,31.99
B 6936,HD 198828,7.0,16.58
B 6938,HD 198956,7.0,2.95
B 6939,HD 198743,4.0,27.66
B 6940,HD 199000,7.0,30.02
B 6941,HD 199189,8.0,30.97
B 6942,HD 199201,8.0,81.40
B 6943,HD 199249,8.0,18.08
B 6944,HD 199475,6.0,9.63
B 6945,HD 199390,7.0,8.86
B 6946,HD 199288,6.5,33.59
B 6947,HD 199342,7.0,15.32
B 6948,HD 199607,7.5,10.32
B 6949,HD 199623,6.0,12.32
B 6950,HD 199642,6.0,11.54
B 6951,HD 199443,6.0,2.90
B 6952,HD 200266,6.0,8.84
B 6953,HD 199639,6.0,16.14
B 6954,HD 200011,7.0,20.38
B 6955,HD 199862,7.5,15.80
B 6956,HD 200115,7.0,4.99
B 6957,HD 199951,6.0,27.68
B 6958,HD 200059,7.0,26.25
B 6959,HD 200114,7.0,0.51
B 6960,HD 200203,6.0,10.17
B 6961,HD 200073,6.0,27.99
B 6962,HD 200163,6.0,15.43
B 6963,HD 200302,7.0,12.41
B 6964,HD 200365,6.0,21.15
B 6966,HD 200502,8.0,81.04
B 6967,HD 200751,6.0,27.39
B 6968,HD 200554,7.0,40.42
B 6970,HD 200702,6.0,20.36
B 6971,HD 200798,6.5,14.01
B 6972,HD 201020,6.5,15.08
B 6973,HD 200856,6.0,4.92
B 6974,HD 200887,6.0,49.54
B 6976,HD 200761,5.0,5.79
B 6978,HD 201172,6.5,4.98
B 6979,HD 201169,7.0,18.88
B 6980,HD 201247,6.5,25.42
B 6981,HD 201411,6.0,5.66
B 6982,HD 201317,6.0,18.71
B 6983,HD 201906,6.0,9.77
B 6984,HD 201649,7.0,5.52
B 6985,HD 201802,7.0,11.56
B 6986,HD 201647,6.0,23.57
B 6987,HD 201772,6.0,15.81
B 6988,HD 201867,7.0,4.07
B 6989,HD 202027,6.0,16.01
B 6990,HD 201933,6.0,5.91
B 6991,HD 202026,6.5,7.81
B 6992,HD 202103,6.0,21.08
B 6993,HD 202299,6.0,15.04
B 6994,HD 202299,6.0,3.64
B 6995,HD 202135,6.0,22.85
B 6996,HD 203532,6.0,13.13
B 6997,HD 202919,6.0,7.83
B 6998,HD 202743,7.0,3.08
B 6999,HD 202501,6.0,3.86
B 7000,HD 202690,7.0,5.42
B 7001,HD 202743,8.0,10.00
B 7003,HD 202730,6.0,13.24
B 7004,HD 202729,6.0,28.36
B 7005,HD 202826,8.0,30.24
B 7006,HD 203212,6.0,22.19
B 7007,HD 202809,7.0,8.60
B 7008,HD 202967,8.0,25.62
B 7009,HD 203955,6.0,17.13
B 7011,HD 203167,7.0,10.25
B 7012,HD 203423,7.0,20.73
B 7013,HD 203497,6.0,9.08
B 7014,HD 203608,3.0,14.19
B 7015,HD 203548,6.0,12.27
B 7016,HD 203881,6.0,5.09
B 7017,HD 203760,5.0,18.63
B 7019,HD 203934,6.0,2.69
B 7020,HD 203949,6.0,3.12
B 7021,HD 204018,6.0,21.07
B 7022,HD 204110,6.0,6.81
B 7024,HD 204228,6.0,19.47
B 7025,HD 204398,7.0,59.59
B 7027,HD 204478,7.0,1.04
B 7031,HD 204730,7.0,11.17
B 7033,HD 204747,8.0,18.87
B 7034,HD 204886,7.5,15.28
B 7036,HD 204783,6.0,23.43
B 7037,HD 205478,6.0,15.81
B 7039,HD 206096,7.0,18.68
B 7041,HD 205068,8.0,18.26
B 7042,HD 206240,6.0,12.45
B 7043,HD 205417,6.0,17.24
B 7044,HD 205465,7.0,12.29
B 7045,HD 205390,6.5,14.11
B 7046,HD 205391,7.0,14.58
B 7047,HD 205471,6.0,34.60
B 7048,HD 205529,6.0,5.61
B 7049,HD 205848,6.0,22.45
B 7050,HD 205848,6.0,11.12
B 7051,HD 205847,7.0,19.55
B 7052,HD 205877,6.0,17.19
B 7053,HD 205876,7.0,19.34
B 7054,HD 205935,6.0,16.34
B 7055,HD 205767,5.0,21.50
B 7056,HD 206163,7.0,9.52
B 7057,HD 206399,6.0,8.58
B 7058,HD 206504,7.0,4.31
B 7059,HD 206255,7.0,12.15
B 7060,HD 206397,6.0,20.92
B 7061,HD 206381,7.0,15.51
B 7063,HD 206692,7.0,14.69
B 7064,HD 206429,6.0,20.25
B 7065,HD 206428,6.0,22.71
B 7066,HD 206459,7.0,13.45
B 7067,HD 206443,6.0,14.67
B 7068,HD 206395,6.0,17.14
B 7069,HD 206502,6.0,10.27
B 7070,HD 206691,6.0,19.48
B 7071,HD 206728,7.0,13.20
B 7072,HD 206683,8.0,55.34
B 7073,HD 206841,6.5,28.64
B 7074,HD 206742,6.0,15.04
B 7077,HD 207241,6.0,10.12
B 7078,HD 207229,6.0,14.25
B 7079,HD 207158,6.0,18.73
B 7080,HD 207129,6.0,10.95
B 7081,HD 207193,6.0,15.30
B 7082,HD 207155,6.0,16.87
B 7083,HD 207376,6.0,10.78
B 7084,HD 207400,6.0,12.45
B 7085,HD 207575,7.0,13.81
B 7087,HD 207607,6.0,18.24
B 7088,HD 207870,6.0,8.12
B 7089,HD 207896,6.0,7.10
B 7090,HD 207736,7.0,10.67
B 7091,HD 207964,6.0,14.56
B 7093,HD 208500,6.0,11.27
B 7094,HD 207971,3.0,26.49
B 7095,HD 208149,6.0,18.29
B 7096,HD 208217,6.0,10.26
B 7097,HD 208184,6.0,25.21
B 7098,HD 208741,6.0,14.58
B 7100,HD 208450,5.0,15.82
B 7102,HD 208434,7.0,11.49
B 7103,HD 208435,6.0,3.94
B 7104,HD 208487,7.0,21.07
B 7105,HD 208680,7.0,16.83
B 7107,HD 208937,7.0,24.69
B 7108,HD 208737,6.0,22.18
B 7110,HD 209100,6.0,17.69
B 7111,HD 208998,6.0,20.36
B 7112,HD 209014,5.0,25.38
B 7113,HD 209295,7.5,3.86
B 7114,HD 209268,6.0,23.62
B 7115,HD 209467,7.0,13.34
B 7116,HD 209635,6.0,3.25
B 7117,HD 209529,6.0,18.75
B 7121,HD 209690,7.0,26.04
B 7122,HD 209840,6.0,7.31
B 7123,HD 210056,6.0,10.08
B 7124,HD 209829,7.0,11.12
B 7125,HD 209788,7.0,6.60
B 7126,HD 209688,5.0,31.58
B 7127,HD 209941,7.0,13.72
B 7128,HD 210117,7.0,6.32
B 7130,HD 209952,2.0,24.73
B 7133,HD 210272,7.0,8.22
B 7134,HD 210967,6.0,16.32
B 7136,HD 210300,6.0,16.03
B 7137,HD 210853,6.0,21.63
B 7138,HD 211487,8.0,14.80
B 7139,HD 210602,6.0,16.74
B 7140,HD 210524,6.0,87.83
B 7142,HD 210848,6.0,33.37
B 7143,HD 210963,7.0,19.74
B 7145,HD 210934,6.0,30.10
B 7146,HD 211088,5.0,19.47
B 7147,HD 211261,6.0,19.46
B 7149,HD 211416,3.0,15.52
B 7151,HD 211391,4.5,12.76
B 7152,HD 211745,7.0,9.83
B 7153,HD 211998,6.0,14.91
B 7154,HD 212168,6.0,11.16
B 7156,HD 212018,7.0,4.23
B 7157,HD 212211,6.0,21.26
B 7158,HD 212087,6.0,9.11
B 7159,HD 212132,6.0,2.50
B 7161,HD 212330,6.0,11.68
B 7162,HD 212271,6.0,20.50
B 7163,HD 212581,5.0,12.84
B 7165,HD 212661,6.0,20.22
B 7166,HD 212708,7.0,12.81
B 7168,HD 212896,8.0,4.49
B 7169,HD 212895,7.0,24.96
B 7170,HD 213402,6.0,18.64
B 7171,HD 212953,6.0,21.60
B 7172,HD 213009,4.0,19.27
B 7174,HD 213442,6.0,25.66
B 7175,HD 213296,6.0,16.98
B 7176,HD 213398,5.0,25.97
B 7177,HD 213457,6.0,7.82
B 7178,HD 213568,7.0,3.83
B 7179,HD 213669,6.0,16.45
B 7180,HD 213884,6.0,12.61
B 7181,HD 213882,6.0,11.11
B 7182,HD 214066,6.0,9.81
B 7183,HD 214085,6.0,26.12
B 7184,HD 214150,6.0,16.44
B 7187,HD 214441,6.0,24.78
B 7188,HD 214573,6.0,6.60
B 7189,HD 214632,6.0,13.09
B 7192,HD 214690,6.0,12.47
B 7194,HD 214952,3.0,13.54
B 7195,HD 214953,6.0,7.51
B 7197,HD 214966,6.0,20.45
B 7199,HD 215104,6.0,10.90
B 7201,HD 215573,6.0,10.01
B 7202,HD 215631,6.0,2.74
B 7203,HD 215369,5.0,16.50
B 7204,HD 215405,6.0,22.20
B 7205,HD 215456,6.0,23.24
B 7207,HD 215504,6.0,8.61
B 7208,HD 215545,6.0,39.30
B 7210,HD 215769,6.0,10.83
B 7211,HD 215724,6.0,24.68
B 7212,HD 215789,4.0,15.33
B 7213,HD 216169,6.0,8.33
B 7214,HD 216187,6.0,11.33
B 7215,HD 216149,6.0,11.82
B 7216,HD 216210,6.0,9.85
B 7217,HD 216437,6.0,19.10
B 7218,HD 216336,6.0,20.18
B 7219,HD 216435,6.0,7.74
B 7220,HD 216655,6.0,7.64
B 7221,HD 216656,6.5,5.82
B 7222,HD 216719,7.0,11.53
B 7224,HD 216763,6.0,16.31
B 7225,HD 216956,1.0,15.98
B 7226,HD 217096,6.0,11.17
B 7228,HD 217346,6.5,77.73
B 7229,HD 217364,5.0,17.03
B 7230,HD 217380,7.0,4.68
B 7231,HD 217403,6.0,13.97
B 7232,HD 217488,6.0,6.81
B 7234,HD 217831,6.0,10.58
B 7235,HD 217795,6.0,44.10
B 7236,HD 218108,6.0,13.83
B 7237,HD 217792,6.0,20.34
B 7238,HD 217842,6.0,3.01
B 7239,HD 218045,2.0,5.44
B 7242,HD 217453,6.0,12.96
B 7243,HD 218559,6.0,17.89
B 7244,HD 218227,5.0,5.85
B 7245,HD 218255,6.0,13.20
B 7248,HD 218631,6.0,8.34
B 7249,HD 218630,6.0,9.93
B 7250,HD 218619,6.0,6.38
B 7251,HD 218655,6.0,18.74
B 7252,HD 218670,5.0,11.76
B 7253,HD 218669,7.0,8.91
B 7255,HD 218976,7.0,16.82
B 7256,HD 218992,8.0,2.17
B 7257,HD 219023,6.0,12.25
B 7258,HD 219077,6.0,6.12
B 7259,HD 219332,7.0,5.88
B 7260,HD 219088,6.5,15.50
B 7261,HD 219301,6.0,11.64
B 7263,HD 219572,6.0,4.24
B 7264,HD 219458,6.0,8.70
B 7266,HD 219482,6.0,14.56
B 7267,HD 219571,4.0,5.79
B 7272,HD 219853,6.0,15.20
B 7274,HD 219784,5.0,10.92
B 7275,HD 219914,6.5,8.35
B 7276,HD 220003,6.0,10.37
B 7277,HD 220263,6.0,4.31
B 7278,HD 220330,6.0,33.27
B 7279,HD 220353,6.0,22.72
B 7282,HD 220401,6.0,23.97
B 7283,HD 220440,6.0,10.51
B 7286,HD 220700,7.0,9.22
B 7287,HD 220729,6.0,14.92
B 7288,HD 220780,6.0,9.76
B 7289,HD 220790,6.0,16.24
B 7290,HD 220803,7.0,15.63
B 7291,HD 220802,6.0,4.84
B 7292,HD 220896,7.0,6.55
B 7293,HD 221006,6.0,11.34
B 7294,HD 221051,6.0,5.77
B 7295,HD 221069,6.0,5.41
B 7296,HD 221241,6.0,26.38
B 7297,HD 221323,6.0,15.62
B 7298,HD 221370,6.0,16.57
B 7299,HD 221536,6.0,7.79
B 7300,HD 221507,5.0,6.13
B 7301,HD 221740,6.0,14.86
B 7302,HD 221738,6.0,7.83
B 7303,HD 221736,7.0,24.79
B 7304,HD 221760,5.0,16.74
B 7307,HD 222060,6.0,14.36
B 7308,HD 222096,7.0,75.92
B 7309,HD 222095,6.0,43.35
B 7311,HD 222167,6.0,12.76
B 7312,HD 222237,6.0,8.86
B 7313,HD 222226,7.0,5.00
B 7316,HD 222433,6.0,21.84
B 7317,HD 222480,7.0,8.59
B 7318,HD 222576,6.0,14.35
B 7319,HD 222806,6.0,10.16
B 7320,HD 222805,6.0,9.53
B 7321,HD 222820,6.0,6.72
B 7323,HD 222830,7.0,9.67
B 7324,HD 223011,6.0,18.17
B 7325,HD 223148,6.0,10.26
B 7326,HD 223145,6.0,18.56
B 7327,HD 223188,6.0,18.89
B 7328,HD 223226,6.0,13.29
B 7329,HD 223194,8.5,52.86
B 7331,HD 223444,6.0,5.76
B 7332,HD 223551,7.0,0.95
B 7333,HD 223549,6.0,14.25
B 7334,HD 223647,5.0,18.98
B 7335,HD 223606,7.0,13.49
B 7338,HD 223843,7.0,12.46
B 7339,HD 223863,7.5,7.12
B 7340,HD 223875,7.0,33.82
B 7341,HD 223913,6.0,6.99
B 7342,HD 223991,6.0,13.47
B 7343,HD 224022,6.0,19.52
B 7344,HD 224113,6.0,16.73
B 7345,HD 224112,7.0,17.01
B 7346,HD 224124,7.0,6.09
B 7350,HD 224362,5.0,8.74
B 7351,HD 224393,7.0,8.31
B 7352,HD 224392,5.0,14.93
B 7353,HD 224470,7.0,4.82
B 7355,HD 224554,6.0,3.83
B 7356,HD 224609,9.0,20.06
B 7357,HD 224609,7.0,18.55
B 7358,HD 224630,6.0,35.39
B 7359,HD 224666,7.0,5.13
B 7360,HD 224686,5.0,9.54
B 7361,HD 224717,8.0,14.94
B 7362,HD 224732,7.0,27.83
B 7363,HD 224812,9.0,48.02
B 7364,HD 224821,7.0,12.13
B 7365,HD 224834,6.0,11.99
B 7366,HD 224865,6.0,31.63
B 7368,HD 224914,6.0,21.77
B 7369,HD 224936,6.0,13.36
B 7371,HD 225033,7.5,13.92
B 7372,HD 225158,7.0,4.86
B 7373,HD 225101,6.0,11.04
B 7374,HD 225253,6.0,7.31
B 7375,HD 225268,7.0,11.70
B 7376,HD 225297,7.0,16.46
B 7378,HD 53,6.0,3.04
B 7379,HD 213,6.0,28.29
B 7381,HD 273,7.0,9.29
B 7382,HD 285,0.0,6.33
B 7383,HD 344,6.0,17.47
B 7384,HD 358,1.0,18.61
B 7385,HD 38243,7.0,26.50
